1	500	500
2	510	365
3	382	322
4	988	98
5	742	17
6	595	106
7	123	569
8	214	737
9	96	113
10	638	47
11	73	544
12	942	224
13	111	409
14	339	846
15	253	420
16	608	208
17	68	817
18	823	451
19	2	340
20	39	322
21	596	559
22	504	957
23	176	135
24	873	99
25	380	860
26	180	358
27	865	213
28	630	862
29	411	290
30	993	588
31	680	899
32	106	837
33	576	843
34	418	826
35	394	790
36	717	146
37	484	271
38	411	765
39	158	180
40	582	365
41	371	154
42	720	390
43	782	255
44	244	359
45	971	950
46	967	129
47	555	186
48	357	695
49	537	434
50	980	824
51	305	780
52	530	465
53	513	51
54	940	885
55	745	304
56	56	987
57	945	342
58	515	67
59	139	661
60	473	615
61	489	354
62	3	907
63	259	755
64	222	262
65	265	87
66	14	998
67	467	889
68	198	140
69	438	539
70	806	401
71	957	878
72	842	867
73	628	99
74	193	815
75	493	16
76	645	360
77	109	86
78	46	271
79	315	296
80	409	301
81	433	768
82	419	925
83	385	979
84	836	926
85	903	861
86	486	60
87	321	884
88	766	972
89	323	812
90	819	647
91	998	88
92	966	141
93	412	364
94	319	340
95	932	631
96	496	480
97	377	424
98	472	884
99	762	959
100	58	493
101	77	8
102	206	390
103	65	222
104	198	552
105	887	970
106	76	460
107	665	490
108	635	497
109	135	781
110	428	763
111	257	759
112	681	206
113	440	471
114	575	481
115	515	17
116	88	750
117	215	197
118	609	562
119	357	130
120	658	814
121	557	953
122	931	530
123	475	686
124	950	503
125	73	977
126	574	707
127	651	410
128	92	459
129	906	899
130	557	634
131	442	187
132	407	281
133	795	441
134	622	507
135	259	611
136	718	341
137	955	502
138	432	312
139	983	855
140	612	900
141	325	112
142	312	572
143	649	194
144	997	673
145	69	636
146	393	207
147	251	540
148	322	10
149	740	771
150	944	771
151	791	731
152	695	290
153	293	305
154	855	853
155	665	401
156	186	194
157	301	10
158	136	757
159	992	281
160	355	579
161	627	321
162	519	454
163	867	225
164	679	978
165	220	422
166	901	137
167	168	489
168	324	506
169	215	744
170	405	601
171	818	932
172	44	604
173	995	339
174	337	999
175	383	108
176	573	872
177	247	759
178	14	974
179	535	830
180	924	629
181	592	752
182	238	152
183	126	143
184	945	464
185	639	494
186	596	747
187	751	218
188	885	516
189	149	544
190	423	385
191	866	106
192	466	615
193	858	359
194	419	570
195	934	769
196	488	436
197	913	173
198	790	510
199	53	985
200	330	495
201	896	803
202	881	83
203	350	583
204	39	855
205	501	851
206	886	334
207	29	19
208	293	1
209	133	361
210	81	675
211	589	25
212	609	629
213	477	454
214	442	413
215	593	405
216	144	286
217	439	464
218	158	12
219	602	467
220	400	92
221	550	354
222	519	618
223	165	14
224	625	640
225	480	642
226	998	37
227	943	62
228	445	526
229	61	892
230	361	81
231	549	222
232	403	442
233	6	868
234	986	583
235	845	241
236	846	966
237	224	563
238	865	259
239	128	104
240	638	126
241	333	606
242	165	625
243	564	851
244	770	994
245	493	224
246	526	514
247	859	986
248	366	238
249	672	978
250	951	377
251	288	414
252	771	735
253	233	219
254	247	847
255	880	106
256	731	846
257	111	533
258	158	699
259	852	799
260	70	736
261	391	589
262	189	248
263	216	223
264	27	321
265	16	474
266	897	135
267	293	403
268	767	880
269	191	740
270	888	404
271	89	286
272	211	837
273	113	398
274	696	256
275	89	796
276	577	277
277	956	540
278	8	808
279	20	438
280	760	607
281	991	622
282	747	551
283	281	687
284	125	716
285	898	223
286	544	864
287	297	233
288	76	810
289	965	515
290	869	703
291	197	434
292	450	730
293	231	467
294	401	915
295	669	201
296	179	790
297	302	386
298	755	49
299	377	509
300	520	496
301	402	419
302	935	922
303	745	347
304	234	626
305	71	105
306	495	583
307	593	890
308	660	493
309	652	794
310	750	891
311	573	295
312	820	719
313	295	126
314	264	410
315	720	258
316	823	180
317	771	295
318	179	823
319	832	205
320	199	838
321	29	24
322	38	719
323	330	152
324	32	958
325	508	821
326	115	434
327	623	980
328	179	435
329	713	951
330	625	584
331	0	225
332	30	788
333	23	530
334	60	111
335	443	635
336	468	920
337	531	116
338	153	126
339	518	450
340	999	311
341	71	500
342	93	522
343	455	248
344	484	400
345	583	174
346	939	191
347	413	554
348	234	527
349	118	259
350	340	49
351	545	765
352	743	290
353	63	268
354	874	538
355	455	936
356	809	924
357	253	655
358	234	180
359	557	964
360	804	359
361	743	489
362	955	713
363	142	916
364	801	725
365	725	8
366	665	844
367	757	401
368	768	790
369	288	430
370	94	889
371	788	726
372	207	60
373	794	740
374	446	101
375	691	447
376	653	868
377	430	774
378	331	667
379	386	405
380	754	596
381	702	284
382	403	578
383	474	724
384	872	416
385	605	559
386	358	808
387	122	648
388	687	485
389	214	181
390	534	192
391	660	415
392	364	665
393	32	187
394	904	80
395	581	941
396	6	127
397	6	632
398	740	964
399	160	113
400	137	720
401	871	795
402	686	813
403	533	532
404	765	366
405	183	287
406	159	370
407	675	414
408	837	821
409	276	34
410	717	22
411	253	681
412	765	535
413	349	329
414	836	382
415	636	762
416	425	669
417	710	389
418	199	819
419	217	506
420	849	483
421	921	355
422	552	451
423	693	827
424	844	950
425	919	374
426	862	126
427	213	423
428	465	703
429	929	470
430	38	750
431	484	121
432	238	768
433	378	745
434	531	622
435	664	133
436	115	93
437	467	968
438	631	880
439	465	743
440	770	675
441	837	677
442	64	82
443	293	283
444	942	968
445	46	254
446	521	343
447	473	967
448	132	908
449	341	545
450	920	662
451	232	879
452	340	770
453	775	685
454	241	957
455	678	818
456	230	789
457	812	202
458	662	432
459	335	755
460	635	690
461	539	866
462	873	284
463	954	759
464	869	709
465	752	845
466	220	496
467	509	923
468	969	621
469	430	515
470	471	641
471	365	63
472	284	856
473	94	942
474	237	526
475	165	864
476	241	688
477	199	551
478	911	101
479	363	1000
480	801	894
481	645	358
482	487	752
483	854	948
484	625	148
485	354	238
486	924	482
487	513	864
488	281	811
489	479	17
490	353	29
491	619	22
492	47	438
493	211	493
494	638	505
495	22	551
496	575	71
497	397	379
498	470	877
499	77	1
500	377	3
501	727	242
502	867	264
503	527	863
504	159	26
505	14	323
506	227	792
507	14	763
508	11	70
509	739	407
510	581	111
511	168	571
512	492	286
513	404	59
514	74	975
515	461	984
516	269	357
517	337	269
518	407	498
519	711	236
520	536	993
521	876	107
522	667	87
523	17	56
524	865	681
525	834	139
526	419	324
527	82	75
528	858	272
529	170	91
530	39	277
531	703	393
532	360	645
533	16	331
534	446	709
535	490	469
536	945	79
537	195	920
538	32	760
539	0	590
540	127	144
541	426	441
542	146	565
543	369	338
544	595	768
545	214	655
546	663	723
547	974	191
548	697	663
549	953	100
550	959	168
551	160	223
552	441	892
553	695	862
554	782	832
555	880	395
556	162	548
557	239	541
558	729	10
559	955	799
560	769	393
561	123	173
562	533	840
563	117	54
564	442	285
565	692	856
566	788	849
567	787	231
568	463	368
569	166	802
570	540	365
571	567	989
572	371	950
573	948	175
574	578	950
575	287	825
576	333	217
577	324	27
578	839	620
579	751	480
580	739	827
581	780	467
582	273	946
583	49	979
584	298	736
585	852	301
586	23	987
587	4	925
588	298	820
589	919	614
590	397	739
591	419	153
592	758	780
593	231	788
594	345	353
595	551	205
596	980	810
597	570	560
598	174	753
599	146	907
600	291	377
601	861	875
602	32	619
603	382	342
604	829	936
605	460	219
606	219	786
607	100	542
608	561	681
609	870	16
610	731	707
611	773	315
612	786	697
613	214	551
614	379	812
615	41	837
616	151	661
617	52	724
618	333	151
619	920	144
620	122	114
621	877	930
622	208	567
623	283	705
624	545	64
625	622	895
626	642	442
627	823	21
628	425	387
629	462	99
630	742	629
631	779	292
632	751	552
633	57	62
634	326	478
635	900	90
636	344	528
637	923	886
638	922	436
639	793	688
640	92	315
641	538	592
642	636	37
643	335	904
644	799	768
645	520	305
646	454	747
647	932	743
648	754	876
649	507	510
650	133	164
651	125	806
652	643	944
653	420	201
654	905	112
655	866	519
656	534	112
657	243	838
658	372	190
659	577	293
660	659	926
661	669	175
662	728	9
663	699	80
664	904	874
665	825	927
666	87	399
667	109	267
668	418	244
669	362	942
670	493	656
671	796	568
672	291	482
673	195	6
674	658	494
675	539	616
676	213	916
677	516	108
678	176	510
679	479	763
680	896	959
681	467	411
682	888	299
683	373	943
684	484	507
685	139	17
686	628	300
687	562	497
688	4	414
689	705	812
690	570	712
691	897	337
692	695	802
693	939	664
694	783	313
695	296	299
696	621	659
697	570	707
698	884	287
699	243	339
700	959	294
701	398	401
702	710	962
703	199	796
704	455	128
705	362	117
706	212	230
707	44	577
708	289	404
709	175	160
710	887	102
711	952	551
712	198	526
713	456	669
714	811	626
715	694	251
716	500	16
717	997	360
718	934	815
719	852	898
720	420	272
721	592	501
722	714	201
723	704	201
724	536	527
725	694	570
726	101	245
727	799	190
728	51	280
729	396	362
730	591	369
731	872	339
732	539	187
733	7	504
734	414	219
735	476	617
736	317	929
737	612	937
738	763	979
739	964	90
740	612	292
741	30	160
742	751	607
743	848	938
744	790	940
745	40	228
746	762	888
747	592	623
748	529	909
749	911	124
750	279	486
751	706	908
752	806	20
753	572	914
754	719	283
755	68	391
756	398	501
757	200	913
758	531	227
759	684	58
760	747	665
761	961	933
762	901	2
763	916	470
764	601	816
765	505	789
766	83	428
767	285	415
768	367	769
769	943	359
770	806	869
771	285	671
772	794	523
773	941	470
774	846	187
775	610	488
776	305	234
777	962	846
778	580	603
779	423	649
780	685	981
781	386	177
782	806	741
783	99	939
784	833	181
785	952	728
786	165	669
787	325	718
788	660	57
789	83	396
790	586	67
791	692	417
792	461	186
793	825	165
794	121	907
795	205	55
796	767	397
797	344	274
798	123	632
799	81	758
800	506	240
801	331	895
802	578	740
803	949	840
804	604	27
805	244	725
806	896	907
807	67	471
808	446	444
809	386	901
810	640	720
811	642	178
812	2	887
813	648	145
814	608	281
815	503	661
816	507	760
817	448	850
818	325	409
819	980	829
820	836	721
821	127	526
822	915	303
823	510	411
824	696	676
825	818	584
826	729	19
827	234	646
828	178	57
829	8	32
830	725	448
831	135	49
832	886	737
833	815	62
834	998	636
835	88	352
836	456	887
837	491	491
838	240	208
839	376	842
840	82	597
841	264	393
842	216	660
843	714	531
844	907	230
845	945	462
846	517	400
847	824	324
848	78	223
849	763	879
850	690	578
851	642	718
852	175	95
853	839	645
854	4	878
855	527	237
856	52	784
857	806	900
858	599	858
859	280	532
860	621	135
861	685	33
862	974	290
863	281	867
864	481	802
865	502	436
866	782	834
867	424	392
868	163	435
869	106	887
870	441	985
871	521	157
872	636	227
873	953	976
874	216	330
875	954	759
876	622	414
877	587	152
878	985	422
879	55	460
880	157	258
881	542	127
882	212	45
883	674	887
884	604	140
885	797	453
886	138	778
887	579	241
888	405	353
889	477	68
890	286	603
891	414	342
892	514	162
893	340	571
894	852	521
895	250	459
896	666	868
897	139	854
898	597	470
899	598	910
900	665	411
901	396	98
902	484	555
903	37	771
904	205	302
905	996	519
906	609	961
907	519	728
908	346	586
909	826	58
910	528	377
911	413	818
912	485	568
913	375	137
914	801	121
915	654	246
916	853	511
917	408	141
918	664	876
919	180	272
920	362	321
921	348	84
922	303	897
923	124	446
924	307	863
925	71	355
926	436	474
927	282	56
928	617	918
929	188	267
930	325	170
931	151	100
932	568	24
933	787	174
934	684	740
935	133	886
936	724	414
937	608	111
938	208	121
939	416	624
940	321	116
941	487	992
942	385	428
943	909	770
944	217	727
945	380	523
946	690	584
947	3	644
948	52	580
949	587	172
950	650	859
951	637	538
952	501	725
953	770	532
954	650	27
955	924	592
956	457	974
957	624	127
958	555	412
959	579	998
960	407	620
961	151	653
962	631	793
963	202	258
964	138	686
965	945	517
966	51	32
967	752	656
968	295	657
969	299	622
970	259	355
971	751	230
972	240	56
973	334	944
974	424	345
975	416	703
976	283	861
977	435	173
978	347	876
979	187	423
980	97	9
981	949	230
982	48	334
983	171	499
984	733	509
985	795	166
986	473	793
987	363	128
988	85	598
989	472	903
990	929	380
991	883	910
992	65	651
993	185	145
994	570	956
995	518	169
996	986	193
997	354	941
998	442	431
999	76	323
1000	987	150
1001	626	145
1002	660	870
1003	124	653
1004	332	817
1005	851	716
1006	263	899
1007	69	23
1008	379	753
1009	791	944
1010	275	140
1011	117	865
1012	839	185
1013	161	814
1014	516	911
1015	463	973
1016	666	425
1017	955	105
1018	158	653
1019	606	118
1020	973	215
1021	866	883
1022	398	251
1023	19	369
1024	953	411
1025	613	794
1026	512	907
1027	570	634
1028	998	474
1029	867	893
1030	350	919
1031	479	339
1032	918	752
1033	258	143
1034	302	65
1035	36	212
1036	386	316
1037	892	651
1038	347	472
1039	762	700
1040	719	523
1041	724	748
1042	377	661
1043	402	523
1044	715	111
1045	817	150
1046	763	233
1047	482	136
1048	212	528
1049	1	804
1050	700	330
1051	980	196
1052	161	241
1053	249	484
1054	95	393
1055	486	76
1056	897	790
1057	999	130
1058	852	201
1059	130	78
1060	62	841
1061	814	456
1062	436	15
1063	471	211
1064	157	268
1065	960	195
1066	955	134
1067	439	561
1068	483	212
1069	29	38
1070	637	830
1071	666	880
1072	345	338
1073	525	438
1074	883	39
1075	313	542
1076	646	254
1077	96	584
1078	321	953
1079	635	995
1080	125	454
1081	68	725
1082	865	207
1083	205	443
1084	456	517
1085	428	431
1086	374	754
1087	612	886
1088	808	702
1089	257	887
1090	570	548
1091	811	297
1092	489	764
1093	210	106
1094	171	208
1095	832	319
1096	3	762
1097	676	797
1098	685	669
1099	185	156
1100	877	980
1101	322	817
1102	472	898
1103	842	870
1104	365	932
1105	761	468
1106	876	879
1107	77	486
1108	873	990
1109	423	666
1110	464	855
1111	418	186
1112	502	530
1113	737	898
1114	886	17
1115	350	782
1116	302	153
1117	296	876
1118	121	592
1119	652	145
1120	203	341
1121	548	44
1122	394	879
1123	140	566
1124	611	344
1125	567	786
1126	896	845
1127	129	644
1128	368	262
1129	154	158
1130	488	719
1131	255	696
1132	983	109
1133	608	673
1134	133	949
1135	514	481
1136	522	788
1137	230	443
1138	361	61
1139	23	686
1140	577	566
1141	291	413
1142	315	442
1143	794	518
1144	0	679
1145	726	582
1146	144	252
1147	475	787
1148	286	543
1149	252	485
1150	194	632
1151	912	298
1152	467	30
1153	520	635
1154	444	382
1155	470	927
1156	87	904
1157	93	20
1158	115	918
1159	283	621
1160	965	700
1161	659	14
1162	49	824
1163	755	246
1164	602	34
1165	660	442
1166	359	947
1167	907	725
1168	708	320
1169	168	176
1170	923	258
1171	607	828
1172	113	357
1173	651	565
1174	261	547
1175	885	84
1176	306	89
1177	2	301
1178	309	833
1179	136	37
1180	424	369
1181	947	336
1182	980	125
1183	468	106
1184	808	571
1185	178	820
1186	226	737
1187	890	887
1188	130	147
1189	112	372
1190	277	471
1191	42	432
1192	156	587
1193	674	470
1194	973	56
1195	414	631
1196	949	550
1197	599	295
1198	882	481
1199	614	79
1200	192	533
1201	397	482
1202	781	374
1203	369	186
1204	450	453
1205	250	44
1206	246	842
1207	996	218
1208	988	522
1209	321	59
1210	203	312
1211	831	599
1212	762	23
1213	864	657
1214	359	20
1215	725	978
1216	577	720
1217	487	114
1218	54	702
1219	963	73
1220	298	909
1221	77	921
1222	778	600
1223	478	158
1224	926	810
1225	611	505
1226	344	158
1227	86	681
1228	653	561
1229	272	325
1230	260	850
1231	101	938
1232	331	191
1233	930	782
1234	311	254
1235	99	469
1236	204	461
1237	69	778
1238	413	630
1239	66	264
1240	910	6
1241	131	31
1242	779	216
1243	95	462
1244	413	154
1245	113	775
1246	282	846
1247	197	176
1248	634	562
1249	928	212
1250	372	663
1251	534	999
1252	973	486
1253	535	573
1254	296	286
1255	507	362
1256	2	878
1257	340	787
1258	923	932
1259	772	655
1260	986	534
1261	607	605
1262	517	61
1263	134	718
1264	701	245
1265	17	296
1266	301	334
1267	898	946
1268	6	490
1269	993	94
1270	0	69
1271	831	29
1272	578	845
1273	306	772
1274	628	298
1275	119	278
1276	951	154
1277	899	836
1278	203	846
1279	160	729
1280	710	599
1281	851	104
1282	763	344
1283	659	976
1284	90	483
1285	290	47
1286	840	348
1287	400	117
1288	902	559
1289	844	209
1290	551	801
1291	650	205
1292	15	874
1293	146	520
1294	284	254
1295	712	250
1296	385	935
1297	823	760
1298	774	568
1299	35	724
1300	790	99
1301	94	411
1302	894	847
1303	344	163
1304	264	450
1305	59	182
1306	265	931
1307	968	893
1308	128	64
1309	584	538
1310	670	322
1311	810	722
1312	288	389
1313	281	365
1314	625	170
1315	947	241
1316	535	147
1317	691	307
1318	169	437
1319	76	959
1320	81	156
1321	796	552
1322	181	46
1323	911	579
1324	309	427
1325	447	750
1326	821	733
1327	522	512
1328	884	764
1329	686	603
1330	71	201
1331	517	486
1332	859	948
1333	741	782
1334	747	766
1335	985	38
1336	51	46
1337	964	578
1338	551	716
1339	827	314
1340	572	721
1341	433	796
1342	23	465
1343	690	592
1344	871	415
1345	308	355
1346	837	892
1347	533	911
1348	356	457
1349	681	795
1350	234	711
1351	986	356
1352	361	298
1353	600	218
1354	273	578
1355	865	652
1356	670	461
1357	98	370
1358	113	668
1359	398	285
1360	780	171
1361	11	213
1362	261	6
1363	285	159
1364	997	384
1365	483	90
1366	486	48
1367	939	267
1368	312	253
1369	678	965
1370	830	422
1371	23	631
1372	771	451
1373	679	643
1374	464	981
1375	602	456
1376	152	931
1377	762	297
1378	573	357
1379	37	988
1380	185	899
1381	209	142
1382	218	226
1383	115	458
1384	35	199
1385	987	56
1386	229	448
1387	603	772
1388	908	107
1389	836	401
1390	672	193
1391	534	514
1392	80	157
1393	446	734
1394	968	329
1395	840	157
1396	979	245
1397	753	877
1398	756	126
1399	49	453
1400	933	415
1401	84	665
1402	19	546
1403	623	715
1404	739	237
1405	606	386
1406	455	620
1407	979	82
1408	581	962
1409	753	350
1410	349	872
1411	177	375
1412	456	797
1413	963	721
1414	187	338
1415	781	997
1416	833	895
1417	236	74
1418	92	356
1419	892	237
1420	47	361
1421	639	347
1422	276	728
1423	204	595
1424	294	574
1425	97	678
1426	940	7
1427	210	827
1428	580	102
1429	630	535
1430	734	277
1431	102	317
1432	611	307
1433	275	491
1434	37	910
1435	768	952
1436	896	771
1437	118	177
1438	754	29
1439	528	134
1440	747	504
1441	538	936
1442	406	687
1443	413	701
1444	891	192
1445	409	363
1446	430	81
1447	860	188
1448	500	82
1449	840	904
1450	915	73
1451	169	155
1452	183	764
1453	598	17
1454	968	82
1455	665	928
1456	60	575
1457	362	564
1458	744	580
1459	69	963
1460	792	76
1461	795	198
1462	951	963
1463	388	300
1464	779	16
1465	359	560
1466	421	308
1467	410	433
1468	599	740
1469	331	978
1470	399	690
1471	37	726
1472	737	886
1473	481	650
1474	13	152
1475	117	515
1476	804	250
1477	41	633
1478	273	10
1479	927	54
1480	713	400
1481	781	464
1482	325	195
1483	635	822
1484	367	832
1485	938	755
1486	173	483
1487	234	507
1488	284	948
1489	944	444
1490	100	478
1491	703	954
1492	555	520
1493	681	749
1494	665	463
1495	615	926
1496	858	639
1497	488	820
1498	52	405
1499	830	585
1500	982	452
1501	48	612
1502	905	460
1503	952	181
1504	608	228
1505	453	555
1506	738	248
1507	816	865
1508	147	513
1509	151	593
1510	265	671
1511	843	894
1512	321	772
1513	760	607
1514	858	461
1515	586	91
1516	187	351
1517	978	396
1518	976	604
1519	314	173
1520	722	792
1521	695	592
1522	877	755
1523	461	915
1524	292	250
1525	30	5
1526	508	971
1527	89	120
1528	346	14
1529	970	857
1530	326	677
1531	983	90
1532	470	130
1533	302	639
1534	529	139
1535	944	643
1536	529	788
1537	854	718
1538	598	216
1539	781	308
1540	66	918
1541	398	248
1542	36	197
1543	422	628
1544	700	903
1545	458	470
1546	656	795
1547	490	318
1548	598	144
1549	708	201
1550	913	698
1551	563	470
1552	347	112
1553	489	916
1554	619	715
1555	961	820
1556	678	632
1557	919	648
1558	437	536
1559	72	279
1560	142	790
1561	913	349
1562	520	886
1563	633	91
1564	857	906
1565	686	474
1566	523	28
1567	437	490
1568	422	9
1569	741	867
1570	724	490
1571	517	980
1572	432	1000
1573	352	522
1574	676	662
1575	733	594
1576	324	369
1577	14	510
1578	985	866
1579	959	825
1580	684	737
1581	500	506
1582	399	53
1583	975	366
1584	162	13
1585	53	603
1586	481	232
1587	171	464
1588	327	857
1589	426	278
1590	71	512
1591	978	579
1592	563	46
1593	346	332
1594	785	964
1595	683	303
1596	401	660
1597	320	276
1598	26	927
1599	376	502
1600	378	376
1601	659	505