NAME : None_seed_0_id_0
TYPE : CTSP
DIMENSION : 601
NUM_SALESMEN : 4
K_NEIGHBOR : 3
EDGE_WEIGHT_TYPE : EUC_2D
NODE_COORD_SECTION
1	500	500
2	684	559
3	629	192
4	835	763
5	707	359
6	9	723
7	277	754
8	804	599
9	70	472
10	600	396
11	314	705
12	486	551
13	87	174
14	600	849
15	677	537
16	845	72
17	777	916
18	115	976
19	755	709
20	847	431
21	448	850
22	99	984
23	177	755
24	797	659
25	147	910
26	423	288
27	961	265
28	697	639
29	544	543
30	714	244
31	151	675
32	510	459
33	882	183
34	28	802
35	128	128
36	932	53
37	901	550
38	488	756
39	273	335
40	388	617
41	42	442
42	543	888
43	257	321
44	999	937
45	57	291
46	870	119
47	779	430
48	82	91
49	896	398
50	611	565
51	908	633
52	938	84
53	203	324
54	774	964
55	47	639
56	131	972
57	868	180
58	1000	846
59	143	660
60	227	954
61	791	719
62	909	373
63	853	560
64	305	581
65	169	675
66	448	95
67	197	606
68	256	881
69	690	292
70	930	816
71	861	387
72	610	554
73	973	368
74	999	917
75	201	383
76	512	906
77	370	555
78	954	383
79	23	699
80	130	377
81	98	574
82	931	734
83	123	963
84	594	942
85	739	148
86	209	562
87	411	782
88	41	58
89	705	36
90	778	86
91	43	872
92	11	770
93	307	80
94	32	182
95	128	806
96	275	174
97	554	371
98	184	444
99	488	589
100	286	280
101	637	770
102	515	94
103	226	875
104	269	880
105	296	328
106	19	607
107	840	410
108	450	248
109	180	323
110	829	782
111	864	260
112	963	749
113	139	598
114	461	889
115	621	843
116	696	528
117	152	925
118	149	110
119	25	464
120	956	889
121	886	117
122	445	595
123	673	872
124	928	228
125	507	763
126	121	326
127	469	287
128	525	839
129	696	152
130	591	41
131	274	552
132	438	207
133	779	166
134	111	349
135	129	735
136	886	812
137	216	381
138	24	67
139	978	771
140	234	716
141	998	291
142	726	701
143	709	727
144	555	32
145	11	616
146	212	138
147	694	421
148	637	668
149	623	488
150	770	539
151	979	217
152	663	821
153	307	174
154	148	949
155	541	579
156	547	807
157	393	73
158	297	919
159	899	814
160	730	946
161	876	771
162	799	777
163	394	539
164	429	199
165	423	61
166	341	865
167	44	802
168	930	88
169	33	645
170	232	767
171	36	768
172	459	290
173	197	894
174	949	254
175	80	446
176	136	189
177	129	209
178	368	291
179	376	347
180	168	884
181	804	176
182	537	323
183	871	508
184	803	114
185	798	29
186	753	289
187	146	273
188	221	340
189	509	514
190	69	357
191	908	556
192	885	765
193	322	623
194	91	341
195	423	551
196	971	662
197	414	657
198	710	967
199	274	860
200	43	83
201	433	809
202	93	174
203	405	201
204	857	498
205	480	987
206	329	540
207	209	617
208	954	896
209	982	575
210	16	106
211	164	606
212	536	628
213	191	195
214	307	136
215	952	859
216	93	891
217	750	87
218	160	147
219	584	455
220	87	13
221	314	593
222	120	884
223	951	832
224	715	732
225	932	281
226	800	426
227	782	470
228	284	276
229	978	324
230	534	227
231	890	595
232	647	968
233	573	653
234	517	256
235	136	207
236	463	949
237	139	4
238	423	348
239	941	282
240	586	820
241	433	219
242	819	739
243	873	786
244	373	290
245	563	670
246	437	826
247	939	823
248	508	786
249	941	855
250	449	326
251	490	53
252	816	94
253	59	336
254	666	636
255	163	570
256	945	106
257	201	300
258	781	889
259	838	550
260	679	648
261	13	903
262	720	534
263	504	847
264	985	776
265	739	774
266	209	455
267	468	473
268	962	572
269	400	56
270	882	749
271	663	280
272	4	612
273	305	343
274	542	566
275	153	788
276	353	357
277	697	407
278	411	29
279	929	371
280	821	631
281	947	854
282	502	7
283	617	137
284	694	896
285	851	376
286	932	721
287	148	885
288	259	126
289	810	577
290	532	804
291	324	976
292	112	943
293	650	237
294	360	990
295	859	555
296	63	927
297	916	454
298	265	444
299	603	623
300	419	339
301	844	274
302	369	842
303	226	225
304	939	643
305	908	228
306	826	897
307	369	128
308	807	24
309	698	292
310	355	837
311	134	3
312	226	889
313	680	444
314	417	284
315	836	26
316	736	248
317	365	947
318	201	437
319	197	929
320	647	637
321	606	72
322	246	852
323	135	707
324	213	475
325	620	323
326	102	852
327	327	595
328	223	256
329	645	347
330	107	926
331	969	979
332	519	149
333	997	476
334	392	683
335	558	0
336	360	691
337	550	89
338	74	499
339	738	635
340	343	96
341	851	282
342	718	32
343	115	454
344	865	428
345	827	825
346	690	173
347	745	132
348	441	93
349	347	401
350	419	706
351	404	941
352	185	975
353	375	676
354	873	702
355	516	497
356	498	205
357	414	365
358	855	738
359	419	585
360	218	951
361	538	374
362	22	460
363	719	354
364	602	51
365	998	814
366	720	573
367	444	815
368	104	640
369	394	971
370	909	327
371	606	518
372	685	245
373	414	527
374	169	166
375	309	939
376	594	391
377	220	833
378	681	834
379	114	860
380	334	741
381	219	246
382	100	415
383	221	178
384	508	174
385	605	626
386	673	780
387	736	745
388	848	66
389	456	125
390	138	624
391	730	155
392	696	120
393	321	448
394	709	856
395	290	975
396	3	700
397	238	677
398	171	723
399	856	582
400	660	902
401	796	627
402	902	834
403	604	988
404	614	869
405	379	709
406	109	329
407	100	694
408	845	917
409	507	671
410	593	35
411	237	243
412	250	392
413	766	281
414	21	429
415	229	982
416	400	153
417	119	677
418	895	385
419	389	710
420	396	346
421	586	950
422	78	830
423	584	199
424	813	133
425	559	699
426	170	451
427	138	754
428	313	475
429	345	387
430	125	718
431	850	197
432	698	900
433	17	709
434	447	350
435	664	643
436	325	424
437	164	570
438	177	439
439	664	673
440	914	865
441	462	753
442	135	949
443	747	46
444	496	639
445	929	337
446	157	524
447	630	814
448	886	288
449	802	115
450	599	636
451	409	174
452	498	875
453	564	622
454	576	332
455	886	585
456	146	772
457	775	643
458	48	76
459	293	116
460	493	560
461	109	978
462	179	561
463	71	858
464	433	285
465	515	74
466	596	490
467	321	887
468	532	208
469	42	498
470	28	410
471	855	180
472	304	962
473	614	777
474	258	372
475	876	745
476	857	380
477	885	612
478	90	68
479	617	522
480	12	616
481	225	421
482	167	928
483	378	289
484	922	99
485	217	306
486	344	210
487	788	734
488	668	584
489	274	409
490	920	551
491	234	635
492	284	664
493	658	707
494	172	723
495	301	822
496	0	138
497	707	902
498	731	867
499	441	966
500	915	162
501	50	242
502	870	20
503	683	630
504	128	484
505	365	105
506	706	225
507	652	783
508	118	545
509	151	908
510	901	38
511	769	266
512	6	893
513	262	614
514	934	331
515	370	341
516	382	370
517	690	819
518	258	332
519	669	521
520	627	968
521	389	628
522	181	235
523	193	811
524	591	62
525	332	559
526	588	661
527	120	786
528	345	525
529	222	604
530	236	105
531	213	518
532	612	560
533	552	922
534	158	389
535	143	959
536	485	37
537	571	625
538	95	352
539	496	208
540	288	62
541	394	396
542	605	832
543	413	346
544	999	150
545	403	389
546	804	595
547	127	484
548	773	348
549	460	154
550	753	83
551	908	998
552	135	180
553	592	413
554	0	727
555	719	842
556	764	643
557	573	323
558	144	880
559	457	596
560	116	741
561	767	824
562	318	952
563	560	145
564	885	953
565	521	492
566	190	79
567	742	206
568	417	900
569	912	228
570	839	318
571	791	859
572	366	7
573	509	790
574	866	158
575	758	592
576	155	559
577	495	626
578	523	983
579	846	999
580	798	90
581	290	566
582	849	675
583	71	877
584	827	624
585	421	68
586	437	13
587	101	787
588	875	264
589	864	721
590	197	380
591	100	385
592	765	157
593	901	976
594	230	504
595	936	662
596	30	255
597	531	772
598	660	874
599	586	123
600	451	214
601	316	741
COLOR_SECTION
1	0
2	3
3	5
4	2
5	1
6	4
7	2
8	1
9	1
10	1
11	3
12	4
13	2
14	5
15	4
16	5
17	4
18	1
19	4
20	1
21	1
22	2
23	2
24	5
25	5
26	3
27	3
28	5
29	2
30	1
31	3
32	2
33	1
34	3
35	2
36	5
37	2
38	3
39	1
40	3
41	4
42	5
43	4
44	3
45	3
46	2
47	2
48	4
49	2
50	2
51	4
52	2
53	4
54	1
55	4
56	2
57	5
58	5
59	4
60	5
61	5
62	2
63	1
64	1
65	2
66	1
67	4
68	1
69	5
70	2
71	3
72	5
73	5
74	4
75	3
76	4
77	2
78	3
79	2
80	1
81	5
82	1
83	2
84	4
85	5
86	5
87	3
88	1
89	2
90	2
91	2
92	2
93	4
94	2
95	4
96	4
97	3
98	3
99	1
100	2
101	4
102	3
103	2
104	3
105	3
106	1
107	4
108	4
109	3
110	2
111	4
112	1
113	4
114	1
115	2
116	3
117	2
118	2
119	1
120	2
121	3
122	4
123	1
124	1
125	2
126	2
127	2
128	5
129	3
130	2
131	5
132	1
133	3
134	5
135	1
136	4
137	4
138	3
139	5
140	5
141	1
142	4
143	4
144	2
145	5
146	3
147	4
148	3
149	3
150	2
151	4
152	3
153	4
154	2
155	1
156	1
157	1
158	3
159	3
160	3
161	4
162	5
163	4
164	1
165	5
166	2
167	5
168	2
169	3
170	1
171	3
172	4
173	3
174	3
175	5
176	2
177	1
178	3
179	3
180	2
181	4
182	4
183	5
184	2
185	3
186	4
187	4
188	1
189	1
190	5
191	4
192	4
193	2
194	1
195	1
196	4
197	5
198	4
199	3
200	1
201	1
202	2
203	5
204	2
205	1
206	5
207	4
208	4
209	5
210	3
211	4
212	2
213	4
214	4
215	3
216	4
217	2
218	2
219	2
220	1
221	4
222	4
223	5
224	3
225	1
226	4
227	2
228	1
229	1
230	2
231	5
232	4
233	3
234	5
235	3
236	3
237	4
238	1
239	2
240	3
241	5
242	4
243	4
244	5
245	3
246	3
247	3
248	5
249	3
250	5
251	4
252	5
253	2
254	1
255	1
256	2
257	5
258	1
259	2
260	3
261	2
262	1
263	5
264	5
265	5
266	1
267	3
268	5
269	4
270	3
271	2
272	4
273	3
274	1
275	4
276	3
277	3
278	3
279	3
280	5
281	4
282	3
283	2
284	3
285	5
286	4
287	4
288	3
289	3
290	2
291	4
292	4
293	4
294	1
295	4
296	4
297	2
298	2
299	5
300	2
301	4
302	4
303	4
304	2
305	3
306	1
307	5
308	3
309	1
310	2
311	5
312	5
313	2
314	3
315	1
316	4
317	4
318	1
319	4
320	3
321	2
322	4
323	2
324	4
325	4
326	5
327	4
328	5
329	1
330	4
331	4
332	4
333	5
334	4
335	3
336	1
337	2
338	2
339	5
340	1
341	1
342	2
343	5
344	3
345	1
346	2
347	3
348	3
349	3
350	4
351	3
352	3
353	2
354	5
355	4
356	2
357	2
358	3
359	4
360	5
361	5
362	2
363	4
364	2
365	2
366	5
367	5
368	2
369	5
370	5
371	3
372	3
373	1
374	1
375	2
376	2
377	2
378	2
379	5
380	1
381	2
382	3
383	5
384	1
385	5
386	4
387	2
388	3
389	1
390	5
391	1
392	4
393	3
394	5
395	4
396	3
397	2
398	1
399	4
400	1
401	1
402	4
403	4
404	5
405	3
406	2
407	3
408	2
409	2
410	5
411	3
412	4
413	1
414	5
415	5
416	5
417	4
418	1
419	2
420	4
421	3
422	3
423	4
424	5
425	4
426	1
427	2
428	2
429	2
430	2
431	5
432	3
433	3
434	4
435	2
436	3
437	1
438	4
439	5
440	3
441	2
442	5
443	1
444	1
445	1
446	5
447	3
448	3
449	2
450	5
451	3
452	4
453	2
454	3
455	4
456	2
457	1
458	1
459	4
460	1
461	4
462	2
463	3
464	2
465	4
466	5
467	5
468	4
469	1
470	4
471	3
472	2
473	4
474	3
475	5
476	4
477	1
478	4
479	5
480	3
481	4
482	4
483	1
484	4
485	2
486	4
487	3
488	2
489	1
490	3
491	1
492	4
493	4
494	4
495	5
496	5
497	5
498	2
499	5
500	4
501	4
502	1
503	3
504	3
505	2
506	3
507	2
508	1
509	4
510	4
511	2
512	5
513	1
514	4
515	4
516	1
517	2
518	5
519	2
520	1
521	3
522	2
523	3
524	1
525	3
526	4
527	3
528	5
529	5
530	1
531	5
532	3
533	4
534	1
535	2
536	4
537	2
538	1
539	2
540	4
541	5
542	1
543	5
544	5
545	5
546	4
547	3
548	5
549	3
550	1
551	2
552	5
553	3
554	1
555	4
556	1
557	4
558	2
559	2
560	3
561	4
562	4
563	2
564	1
565	1
566	3
567	2
568	2
569	5
570	3
571	2
572	5
573	4
574	5
575	2
576	1
577	3
578	4
579	1
580	3
581	4
582	4
583	2
584	5
585	1
586	5
587	2
588	2
589	1
590	4
591	3
592	4
593	5
594	1
595	2
596	4
597	1
598	3
599	2
600	4
601	2
EOF
