NAME : None_seed_0_id_0
TYPE : CTSP
DIMENSION : 201
NUM_SALESMEN : 4
K_NEIGHBOR : 3
EDGE_WEIGHT_TYPE : EUC_2D
NODE_COORD_SECTION
1	500	500
2	684	559
3	629	192
4	835	763
5	707	359
6	9	723
7	277	754
8	804	599
9	70	472
10	600	396
11	314	705
12	486	551
13	87	174
14	600	849
15	677	537
16	845	72
17	777	916
18	115	976
19	755	709
20	847	431
21	448	850
22	99	984
23	177	755
24	797	659
25	147	910
26	423	288
27	961	265
28	697	639
29	544	543
30	714	244
31	151	675
32	510	459
33	882	183
34	28	802
35	128	128
36	932	53
37	901	550
38	488	756
39	273	335
40	388	617
41	42	442
42	543	888
43	257	321
44	999	937
45	57	291
46	870	119
47	779	430
48	82	91
49	896	398
50	611	565
51	908	633
52	938	84
53	203	324
54	774	964
55	47	639
56	131	972
57	868	180
58	1000	846
59	143	660
60	227	954
61	791	719
62	909	373
63	853	560
64	305	581
65	169	675
66	448	95
67	197	606
68	256	881
69	690	292
70	930	816
71	861	387
72	610	554
73	973	368
74	999	917
75	201	383
76	512	906
77	370	555
78	954	383
79	23	699
80	130	377
81	98	574
82	931	734
83	123	963
84	594	942
85	739	148
86	209	562
87	411	782
88	41	58
89	705	36
90	778	86
91	43	872
92	11	770
93	307	80
94	32	182
95	128	806
96	275	174
97	554	371
98	184	444
99	488	589
100	286	280
101	637	770
102	515	94
103	226	875
104	269	880
105	296	328
106	19	607
107	840	410
108	450	248
109	180	323
110	829	782
111	864	260
112	963	749
113	139	598
114	461	889
115	621	843
116	696	528
117	152	925
118	149	110
119	25	464
120	956	889
121	886	117
122	445	595
123	673	872
124	928	228
125	507	763
126	121	326
127	469	287
128	525	839
129	696	152
130	591	41
131	274	552
132	438	207
133	779	166
134	111	349
135	129	735
136	886	812
137	216	381
138	24	67
139	978	771
140	234	716
141	998	291
142	726	701
143	709	727
144	555	32
145	11	616
146	212	138
147	694	421
148	637	668
149	623	488
150	770	539
151	979	217
152	663	821
153	307	174
154	148	949
155	541	579
156	547	807
157	393	73
158	297	919
159	899	814
160	730	946
161	876	771
162	799	777
163	394	539
164	429	199
165	423	61
166	341	865
167	44	802
168	930	88
169	33	645
170	232	767
171	36	768
172	459	290
173	197	894
174	949	254
175	80	446
176	136	189
177	129	209
178	368	291
179	376	347
180	168	884
181	804	176
182	537	323
183	871	508
184	803	114
185	798	29
186	753	289
187	146	273
188	221	340
189	509	514
190	69	357
191	908	556
192	885	765
193	322	623
194	91	341
195	423	551
196	971	662
197	414	657
198	710	967
199	274	860
200	43	83
201	433	809
COLOR_SECTION
1	0
2	1
3	5
4	3
5	2
6	4
7	2
8	5
9	2
10	4
11	2
12	4
13	3
14	5
15	2
16	5
17	2
18	5
19	2
20	3
21	3
22	4
23	2
24	3
25	3
26	5
27	3
28	3
29	4
30	1
31	5
32	3
33	1
34	1
35	3
36	4
37	2
38	4
39	3
40	5
41	2
42	2
43	3
44	3
45	5
46	4
47	5
48	3
49	5
50	3
51	2
52	5
53	1
54	2
55	1
56	3
57	1
58	4
59	3
60	1
61	3
62	4
63	1
64	1
65	2
66	1
67	1
68	3
69	4
70	5
71	4
72	4
73	1
74	5
75	5
76	4
77	3
78	5
79	5
80	4
81	2
82	5
83	4
84	2
85	4
86	4
87	3
88	1
89	2
90	1
91	2
92	2
93	5
94	3
95	3
96	4
97	1
98	4
99	3
100	4
101	3
102	3
103	2
104	4
105	2
106	4
107	3
108	3
109	5
110	2
111	1
112	4
113	1
114	5
115	3
116	2
117	1
118	2
119	3
120	2
121	2
122	4
123	1
124	5
125	2
126	2
127	5
128	1
129	3
130	4
131	5
132	2
133	3
134	4
135	5
136	2
137	1
138	5
139	2
140	3
141	5
142	4
143	1
144	5
145	5
146	1
147	3
148	4
149	2
150	3
151	2
152	4
153	3
154	5
155	3
156	2
157	5
158	1
159	3
160	3
161	5
162	3
163	5
164	1
165	3
166	2
167	3
168	5
169	5
170	2
171	2
172	5
173	5
174	3
175	5
176	2
177	3
178	5
179	1
180	2
181	1
182	3
183	2
184	3
185	4
186	2
187	3
188	1
189	3
190	5
191	5
192	1
193	3
194	2
195	1
196	3
197	4
198	5
199	1
200	3
201	4
EOF
