NAME : None_seed_0_id_0
TYPE : CTSP
DIMENSION : 401
NUM_SALESMEN : 6
K_NEIGHBOR : 3
EDGE_WEIGHT_TYPE : EUC_2D
NODE_COORD_SECTION
1	500	500
2	684	559
3	629	192
4	835	763
5	707	359
6	9	723
7	277	754
8	804	599
9	70	472
10	600	396
11	314	705
12	486	551
13	87	174
14	600	849
15	677	537
16	845	72
17	777	916
18	115	976
19	755	709
20	847	431
21	448	850
22	99	984
23	177	755
24	797	659
25	147	910
26	423	288
27	961	265
28	697	639
29	544	543
30	714	244
31	151	675
32	510	459
33	882	183
34	28	802
35	128	128
36	932	53
37	901	550
38	488	756
39	273	335
40	388	617
41	42	442
42	543	888
43	257	321
44	999	937
45	57	291
46	870	119
47	779	430
48	82	91
49	896	398
50	611	565
51	908	633
52	938	84
53	203	324
54	774	964
55	47	639
56	131	972
57	868	180
58	1000	846
59	143	660
60	227	954
61	791	719
62	909	373
63	853	560
64	305	581
65	169	675
66	448	95
67	197	606
68	256	881
69	690	292
70	930	816
71	861	387
72	610	554
73	973	368
74	999	917
75	201	383
76	512	906
77	370	555
78	954	383
79	23	699
80	130	377
81	98	574
82	931	734
83	123	963
84	594	942
85	739	148
86	209	562
87	411	782
88	41	58
89	705	36
90	778	86
91	43	872
92	11	770
93	307	80
94	32	182
95	128	806
96	275	174
97	554	371
98	184	444
99	488	589
100	286	280
101	637	770
102	515	94
103	226	875
104	269	880
105	296	328
106	19	607
107	840	410
108	450	248
109	180	323
110	829	782
111	864	260
112	963	749
113	139	598
114	461	889
115	621	843
116	696	528
117	152	925
118	149	110
119	25	464
120	956	889
121	886	117
122	445	595
123	673	872
124	928	228
125	507	763
126	121	326
127	469	287
128	525	839
129	696	152
130	591	41
131	274	552
132	438	207
133	779	166
134	111	349
135	129	735
136	886	812
137	216	381
138	24	67
139	978	771
140	234	716
141	998	291
142	726	701
143	709	727
144	555	32
145	11	616
146	212	138
147	694	421
148	637	668
149	623	488
150	770	539
151	979	217
152	663	821
153	307	174
154	148	949
155	541	579
156	547	807
157	393	73
158	297	919
159	899	814
160	730	946
161	876	771
162	799	777
163	394	539
164	429	199
165	423	61
166	341	865
167	44	802
168	930	88
169	33	645
170	232	767
171	36	768
172	459	290
173	197	894
174	949	254
175	80	446
176	136	189
177	129	209
178	368	291
179	376	347
180	168	884
181	804	176
182	537	323
183	871	508
184	803	114
185	798	29
186	753	289
187	146	273
188	221	340
189	509	514
190	69	357
191	908	556
192	885	765
193	322	623
194	91	341
195	423	551
196	971	662
197	414	657
198	710	967
199	274	860
200	43	83
201	433	809
202	93	174
203	405	201
204	857	498
205	480	987
206	329	540
207	209	617
208	954	896
209	982	575
210	16	106
211	164	606
212	536	628
213	191	195
214	307	136
215	952	859
216	93	891
217	750	87
218	160	147
219	584	455
220	87	13
221	314	593
222	120	884
223	951	832
224	715	732
225	932	281
226	800	426
227	782	470
228	284	276
229	978	324
230	534	227
231	890	595
232	647	968
233	573	653
234	517	256
235	136	207
236	463	949
237	139	4
238	423	348
239	941	282
240	586	820
241	433	219
242	819	739
243	873	786
244	373	290
245	563	670
246	437	826
247	939	823
248	508	786
249	941	855
250	449	326
251	490	53
252	816	94
253	59	336
254	666	636
255	163	570
256	945	106
257	201	300
258	781	889
259	838	550
260	679	648
261	13	903
262	720	534
263	504	847
264	985	776
265	739	774
266	209	455
267	468	473
268	962	572
269	400	56
270	882	749
271	663	280
272	4	612
273	305	343
274	542	566
275	153	788
276	353	357
277	697	407
278	411	29
279	929	371
280	821	631
281	947	854
282	502	7
283	617	137
284	694	896
285	851	376
286	932	721
287	148	885
288	259	126
289	810	577
290	532	804
291	324	976
292	112	943
293	650	237
294	360	990
295	859	555
296	63	927
297	916	454
298	265	444
299	603	623
300	419	339
301	844	274
302	369	842
303	226	225
304	939	643
305	908	228
306	826	897
307	369	128
308	807	24
309	698	292
310	355	837
311	134	3
312	226	889
313	680	444
314	417	284
315	836	26
316	736	248
317	365	947
318	201	437
319	197	929
320	647	637
321	606	72
322	246	852
323	135	707
324	213	475
325	620	323
326	102	852
327	327	595
328	223	256
329	645	347
330	107	926
331	969	979
332	519	149
333	997	476
334	392	683
335	558	0
336	360	691
337	550	89
338	74	499
339	738	635
340	343	96
341	851	282
342	718	32
343	115	454
344	865	428
345	827	825
346	690	173
347	745	132
348	441	93
349	347	401
350	419	706
351	404	941
352	185	975
353	375	676
354	873	702
355	516	497
356	498	205
357	414	365
358	855	738
359	419	585
360	218	951
361	538	374
362	22	460
363	719	354
364	602	51
365	998	814
366	720	573
367	444	815
368	104	640
369	394	971
370	909	327
371	606	518
372	685	245
373	414	527
374	169	166
375	309	939
376	594	391
377	220	833
378	681	834
379	114	860
380	334	741
381	219	246
382	100	415
383	221	178
384	508	174
385	605	626
386	673	780
387	736	745
388	848	66
389	456	125
390	138	624
391	730	155
392	696	120
393	321	448
394	709	856
395	290	975
396	3	700
397	238	677
398	171	723
399	856	582
400	660	902
401	796	627
COLOR_SECTION
1	0
2	5
3	6
4	2
5	3
6	4
7	7
8	1
9	4
10	7
11	6
12	4
13	4
14	2
15	3
16	1
17	7
18	1
19	5
20	3
21	6
22	7
23	3
24	1
25	3
26	6
27	7
28	7
29	5
30	2
31	6
32	4
33	5
34	6
35	6
36	7
37	4
38	1
39	2
40	5
41	3
42	2
43	5
44	2
45	1
46	7
47	3
48	4
49	4
50	6
51	4
52	6
53	5
54	2
55	3
56	7
57	3
58	6
59	5
60	3
61	3
62	2
63	2
64	6
65	2
66	5
67	6
68	5
69	5
70	3
71	4
72	3
73	2
74	7
75	4
76	1
77	4
78	2
79	2
80	2
81	6
82	7
83	2
84	1
85	6
86	7
87	4
88	1
89	3
90	4
91	3
92	7
93	3
94	6
95	3
96	6
97	2
98	7
99	4
100	5
101	7
102	4
103	7
104	2
105	4
106	6
107	2
108	4
109	4
110	6
111	3
112	1
113	4
114	5
115	1
116	5
117	6
118	4
119	7
120	2
121	6
122	7
123	4
124	7
125	3
126	2
127	5
128	4
129	6
130	6
131	7
132	4
133	2
134	4
135	1
136	5
137	4
138	4
139	2
140	3
141	6
142	5
143	1
144	6
145	1
146	2
147	1
148	3
149	4
150	5
151	6
152	4
153	2
154	4
155	3
156	1
157	6
158	5
159	3
160	6
161	7
162	2
163	5
164	4
165	2
166	4
167	3
168	6
169	3
170	2
171	7
172	1
173	2
174	1
175	2
176	2
177	5
178	7
179	1
180	1
181	6
182	3
183	4
184	3
185	1
186	5
187	7
188	1
189	6
190	4
191	4
192	2
193	5
194	6
195	3
196	5
197	2
198	1
199	7
200	6
201	7
202	4
203	1
204	1
205	2
206	3
207	1
208	4
209	4
210	3
211	3
212	2
213	7
214	5
215	4
216	1
217	2
218	3
219	1
220	5
221	6
222	3
223	7
224	7
225	5
226	5
227	4
228	6
229	4
230	5
231	6
232	4
233	6
234	7
235	6
236	7
237	3
238	5
239	5
240	2
241	2
242	2
243	2
244	1
245	2
246	3
247	1
248	3
249	2
250	5
251	7
252	1
253	7
254	5
255	7
256	3
257	3
258	1
259	7
260	7
261	6
262	3
263	6
264	1
265	3
266	5
267	4
268	2
269	2
270	4
271	4
272	1
273	3
274	5
275	2
276	4
277	6
278	7
279	6
280	7
281	4
282	7
283	4
284	3
285	6
286	5
287	4
288	5
289	2
290	1
291	1
292	2
293	1
294	4
295	6
296	7
297	3
298	1
299	2
300	3
301	2
302	4
303	2
304	6
305	4
306	1
307	3
308	5
309	6
310	3
311	5
312	7
313	1
314	2
315	7
316	6
317	6
318	4
319	4
320	7
321	4
322	7
323	1
324	1
325	6
326	5
327	3
328	3
329	7
330	2
331	5
332	1
333	1
334	4
335	5
336	5
337	1
338	5
339	4
340	4
341	6
342	1
343	1
344	5
345	6
346	5
347	6
348	6
349	6
350	3
351	5
352	7
353	5
354	2
355	6
356	1
357	5
358	2
359	5
360	1
361	3
362	6
363	7
364	6
365	7
366	4
367	1
368	1
369	2
370	2
371	2
372	3
373	2
374	1
375	2
376	5
377	7
378	5
379	4
380	5
381	4
382	7
383	5
384	7
385	3
386	4
387	7
388	5
389	4
390	7
391	6
392	4
393	5
394	1
395	2
396	4
397	6
398	4
399	4
400	2
401	6
EOF
