NAME : None_seed_123_id_0
TYPE : CTSP
DIMENSION : 1401
NUM_SALESMEN : 8
K_NEIGHBOR : 3
EDGE_WEIGHT_TYPE : EUC_2D
NODE_COORD_SECTION
1	0.5	0.5
2	0.51	0.365
3	0.382	0.322
4	0.988	0.098
5	0.742	0.017
6	0.595	0.106
7	0.123	0.569
8	0.214	0.737
9	0.096	0.113
10	0.638	0.047
11	0.073	0.544
12	0.942	0.224
13	0.111	0.409
14	0.339	0.846
15	0.253	0.42
16	0.608	0.208
17	0.068	0.817
18	0.823	0.451
19	0.002	0.34
20	0.039	0.322
21	0.596	0.559
22	0.504	0.957
23	0.176	0.135
24	0.873	0.099
25	0.38	0.86
26	0.18	0.358
27	0.865	0.213
28	0.63	0.862
29	0.411	0.29
30	0.993	0.588
31	0.68	0.899
32	0.106	0.837
33	0.576	0.843
34	0.418	0.826
35	0.394	0.79
36	0.717	0.146
37	0.484	0.271
38	0.411	0.765
39	0.158	0.18
40	0.582	0.365
41	0.371	0.154
42	0.72	0.39
43	0.782	0.255
44	0.244	0.359
45	0.971	0.95
46	0.967	0.129
47	0.555	0.186
48	0.357	0.695
49	0.537	0.434
50	0.98	0.824
51	0.305	0.78
52	0.53	0.465
53	0.513	0.051
54	0.94	0.885
55	0.745	0.304
56	0.056	0.987
57	0.945	0.342
58	0.515	0.067
59	0.139	0.661
60	0.473	0.615
61	0.489	0.354
62	0.003	0.907
63	0.259	0.755
64	0.222	0.262
65	0.265	0.087
66	0.014	0.998
67	0.467	0.889
68	0.198	0.14
69	0.438	0.539
70	0.806	0.401
71	0.957	0.878
72	0.842	0.867
73	0.628	0.099
74	0.193	0.815
75	0.493	0.016
76	0.645	0.36
77	0.109	0.086
78	0.046	0.271
79	0.315	0.296
80	0.409	0.301
81	0.433	0.768
82	0.419	0.925
83	0.385	0.979
84	0.836	0.926
85	0.903	0.861
86	0.486	0.06
87	0.321	0.884
88	0.766	0.972
89	0.323	0.812
90	0.819	0.647
91	0.998	0.088
92	0.966	0.141
93	0.412	0.364
94	0.319	0.34
95	0.932	0.631
96	0.496	0.48
97	0.377	0.424
98	0.472	0.884
99	0.762	0.959
100	0.058	0.493
101	0.077	0.008
102	0.206	0.39
103	0.065	0.222
104	0.198	0.552
105	0.887	0.97
106	0.076	0.46
107	0.665	0.49
108	0.635	0.497
109	0.135	0.781
110	0.428	0.763
111	0.257	0.759
112	0.681	0.206
113	0.44	0.471
114	0.575	0.481
115	0.515	0.017
116	0.088	0.75
117	0.215	0.197
118	0.609	0.562
119	0.357	0.13
120	0.658	0.814
121	0.557	0.953
122	0.931	0.53
123	0.475	0.686
124	0.95	0.503
125	0.073	0.977
126	0.574	0.707
127	0.651	0.41
128	0.092	0.459
129	0.906	0.899
130	0.557	0.634
131	0.442	0.187
132	0.407	0.281
133	0.795	0.441
134	0.622	0.507
135	0.259	0.611
136	0.718	0.341
137	0.955	0.502
138	0.432	0.312
139	0.983	0.855
140	0.612	0.9
141	0.325	0.112
142	0.312	0.572
143	0.649	0.194
144	0.997	0.673
145	0.069	0.636
146	0.393	0.207
147	0.251	0.54
148	0.322	0.01
149	0.74	0.771
150	0.944	0.771
151	0.791	0.731
152	0.695	0.29
153	0.293	0.305
154	0.855	0.853
155	0.665	0.401
156	0.186	0.194
157	0.301	0.01
158	0.136	0.757
159	0.992	0.281
160	0.355	0.579
161	0.627	0.321
162	0.519	0.454
163	0.867	0.225
164	0.679	0.978
165	0.22	0.422
166	0.901	0.137
167	0.168	0.489
168	0.324	0.506
169	0.215	0.744
170	0.405	0.601
171	0.818	0.932
172	0.044	0.604
173	0.995	0.339
174	0.337	0.999
175	0.383	0.108
176	0.573	0.872
177	0.247	0.759
178	0.014	0.974
179	0.535	0.83
180	0.924	0.629
181	0.592	0.752
182	0.238	0.152
183	0.126	0.143
184	0.945	0.464
185	0.639	0.494
186	0.596	0.747
187	0.751	0.218
188	0.885	0.516
189	0.149	0.544
190	0.423	0.385
191	0.866	0.106
192	0.466	0.615
193	0.858	0.359
194	0.419	0.57
195	0.934	0.769
196	0.488	0.436
197	0.913	0.173
198	0.79	0.51
199	0.053	0.985
200	0.33	0.495
201	0.896	0.803
202	0.881	0.083
203	0.35	0.583
204	0.039	0.855
205	0.501	0.851
206	0.886	0.334
207	0.029	0.019
208	0.293	0.001
209	0.133	0.361
210	0.081	0.675
211	0.589	0.025
212	0.609	0.629
213	0.477	0.454
214	0.442	0.413
215	0.593	0.405
216	0.144	0.286
217	0.439	0.464
218	0.158	0.012
219	0.602	0.467
220	0.4	0.092
221	0.55	0.354
222	0.519	0.618
223	0.165	0.014
224	0.625	0.64
225	0.48	0.642
226	0.998	0.037
227	0.943	0.062
228	0.445	0.526
229	0.061	0.892
230	0.361	0.081
231	0.549	0.222
232	0.403	0.442
233	0.006	0.868
234	0.986	0.583
235	0.845	0.241
236	0.846	0.966
237	0.224	0.563
238	0.865	0.259
239	0.128	0.104
240	0.638	0.126
241	0.333	0.606
242	0.165	0.625
243	0.564	0.851
244	0.77	0.994
245	0.493	0.224
246	0.526	0.514
247	0.859	0.986
248	0.366	0.238
249	0.672	0.978
250	0.951	0.377
251	0.288	0.414
252	0.771	0.735
253	0.233	0.219
254	0.247	0.847
255	0.88	0.106
256	0.731	0.846
257	0.111	0.533
258	0.158	0.699
259	0.852	0.799
260	0.07	0.736
261	0.391	0.589
262	0.189	0.248
263	0.216	0.223
264	0.027	0.321
265	0.016	0.474
266	0.897	0.135
267	0.293	0.403
268	0.767	0.88
269	0.191	0.74
270	0.888	0.404
271	0.089	0.286
272	0.211	0.837
273	0.113	0.398
274	0.696	0.256
275	0.089	0.796
276	0.577	0.277
277	0.956	0.54
278	0.008	0.808
279	0.02	0.438
280	0.76	0.607
281	0.991	0.622
282	0.747	0.551
283	0.281	0.687
284	0.125	0.716
285	0.898	0.223
286	0.544	0.864
287	0.297	0.233
288	0.076	0.81
289	0.965	0.515
290	0.869	0.703
291	0.197	0.434
292	0.45	0.73
293	0.231	0.467
294	0.401	0.915
295	0.669	0.201
296	0.179	0.79
297	0.302	0.386
298	0.755	0.049
299	0.377	0.509
300	0.52	0.496
301	0.402	0.419
302	0.935	0.922
303	0.745	0.347
304	0.234	0.626
305	0.071	0.105
306	0.495	0.583
307	0.593	0.89
308	0.66	0.493
309	0.652	0.794
310	0.75	0.891
311	0.573	0.295
312	0.82	0.719
313	0.295	0.126
314	0.264	0.41
315	0.72	0.258
316	0.823	0.18
317	0.771	0.295
318	0.179	0.823
319	0.832	0.205
320	0.199	0.838
321	0.029	0.024
322	0.038	0.719
323	0.33	0.152
324	0.032	0.958
325	0.508	0.821
326	0.115	0.434
327	0.623	0.98
328	0.179	0.435
329	0.713	0.951
330	0.625	0.584
331	0.0	0.225
332	0.03	0.788
333	0.023	0.53
334	0.06	0.111
335	0.443	0.635
336	0.468	0.92
337	0.531	0.116
338	0.153	0.126
339	0.518	0.45
340	0.999	0.311
341	0.071	0.5
342	0.093	0.522
343	0.455	0.248
344	0.484	0.4
345	0.583	0.174
346	0.939	0.191
347	0.413	0.554
348	0.234	0.527
349	0.118	0.259
350	0.34	0.049
351	0.545	0.765
352	0.743	0.29
353	0.063	0.268
354	0.874	0.538
355	0.455	0.936
356	0.809	0.924
357	0.253	0.655
358	0.234	0.18
359	0.557	0.964
360	0.804	0.359
361	0.743	0.489
362	0.955	0.713
363	0.142	0.916
364	0.801	0.725
365	0.725	0.008
366	0.665	0.844
367	0.757	0.401
368	0.768	0.79
369	0.288	0.43
370	0.094	0.889
371	0.788	0.726
372	0.207	0.06
373	0.794	0.74
374	0.446	0.101
375	0.691	0.447
376	0.653	0.868
377	0.43	0.774
378	0.331	0.667
379	0.386	0.405
380	0.754	0.596
381	0.702	0.284
382	0.403	0.578
383	0.474	0.724
384	0.872	0.416
385	0.605	0.559
386	0.358	0.808
387	0.122	0.648
388	0.687	0.485
389	0.214	0.181
390	0.534	0.192
391	0.66	0.415
392	0.364	0.665
393	0.032	0.187
394	0.904	0.08
395	0.581	0.941
396	0.006	0.127
397	0.006	0.632
398	0.74	0.964
399	0.16	0.113
400	0.137	0.72
401	0.871	0.795
402	0.686	0.813
403	0.533	0.532
404	0.765	0.366
405	0.183	0.287
406	0.159	0.37
407	0.675	0.414
408	0.837	0.821
409	0.276	0.034
410	0.717	0.022
411	0.253	0.681
412	0.765	0.535
413	0.349	0.329
414	0.836	0.382
415	0.636	0.762
416	0.425	0.669
417	0.71	0.389
418	0.199	0.819
419	0.217	0.506
420	0.849	0.483
421	0.921	0.355
422	0.552	0.451
423	0.693	0.827
424	0.844	0.95
425	0.919	0.374
426	0.862	0.126
427	0.213	0.423
428	0.465	0.703
429	0.929	0.47
430	0.038	0.75
431	0.484	0.121
432	0.238	0.768
433	0.378	0.745
434	0.531	0.622
435	0.664	0.133
436	0.115	0.093
437	0.467	0.968
438	0.631	0.88
439	0.465	0.743
440	0.77	0.675
441	0.837	0.677
442	0.064	0.082
443	0.293	0.283
444	0.942	0.968
445	0.046	0.254
446	0.521	0.343
447	0.473	0.967
448	0.132	0.908
449	0.341	0.545
450	0.92	0.662
451	0.232	0.879
452	0.34	0.77
453	0.775	0.685
454	0.241	0.957
455	0.678	0.818
456	0.23	0.789
457	0.812	0.202
458	0.662	0.432
459	0.335	0.755
460	0.635	0.69
461	0.539	0.866
462	0.873	0.284
463	0.954	0.759
464	0.869	0.709
465	0.752	0.845
466	0.22	0.496
467	0.509	0.923
468	0.969	0.621
469	0.43	0.515
470	0.471	0.641
471	0.365	0.063
472	0.284	0.856
473	0.094	0.942
474	0.237	0.526
475	0.165	0.864
476	0.241	0.688
477	0.199	0.551
478	0.911	0.101
479	0.363	1.0
480	0.801	0.894
481	0.645	0.358
482	0.487	0.752
483	0.854	0.948
484	0.625	0.148
485	0.354	0.238
486	0.924	0.482
487	0.513	0.864
488	0.281	0.811
489	0.479	0.017
490	0.353	0.029
491	0.619	0.022
492	0.047	0.438
493	0.211	0.493
494	0.638	0.505
495	0.022	0.551
496	0.575	0.071
497	0.397	0.379
498	0.47	0.877
499	0.077	0.001
500	0.377	0.003
501	0.727	0.242
502	0.867	0.264
503	0.527	0.863
504	0.159	0.026
505	0.014	0.323
506	0.227	0.792
507	0.014	0.763
508	0.011	0.07
509	0.739	0.407
510	0.581	0.111
511	0.168	0.571
512	0.492	0.286
513	0.404	0.059
514	0.074	0.975
515	0.461	0.984
516	0.269	0.357
517	0.337	0.269
518	0.407	0.498
519	0.711	0.236
520	0.536	0.993
521	0.876	0.107
522	0.667	0.087
523	0.017	0.056
524	0.865	0.681
525	0.834	0.139
526	0.419	0.324
527	0.082	0.075
528	0.858	0.272
529	0.17	0.091
530	0.039	0.277
531	0.703	0.393
532	0.36	0.645
533	0.016	0.331
534	0.446	0.709
535	0.49	0.469
536	0.945	0.079
537	0.195	0.92
538	0.032	0.76
539	0.0	0.59
540	0.127	0.144
541	0.426	0.441
542	0.146	0.565
543	0.369	0.338
544	0.595	0.768
545	0.214	0.655
546	0.663	0.723
547	0.974	0.191
548	0.697	0.663
549	0.953	0.1
550	0.959	0.168
551	0.16	0.223
552	0.441	0.892
553	0.695	0.862
554	0.782	0.832
555	0.88	0.395
556	0.162	0.548
557	0.239	0.541
558	0.729	0.01
559	0.955	0.799
560	0.769	0.393
561	0.123	0.173
562	0.533	0.84
563	0.117	0.054
564	0.442	0.285
565	0.692	0.856
566	0.788	0.849
567	0.787	0.231
568	0.463	0.368
569	0.166	0.802
570	0.54	0.365
571	0.567	0.989
572	0.371	0.95
573	0.948	0.175
574	0.578	0.95
575	0.287	0.825
576	0.333	0.217
577	0.324	0.027
578	0.839	0.62
579	0.751	0.48
580	0.739	0.827
581	0.78	0.467
582	0.273	0.946
583	0.049	0.979
584	0.298	0.736
585	0.852	0.301
586	0.023	0.987
587	0.004	0.925
588	0.298	0.82
589	0.919	0.614
590	0.397	0.739
591	0.419	0.153
592	0.758	0.78
593	0.231	0.788
594	0.345	0.353
595	0.551	0.205
596	0.98	0.81
597	0.57	0.56
598	0.174	0.753
599	0.146	0.907
600	0.291	0.377
601	0.861	0.875
602	0.032	0.619
603	0.382	0.342
604	0.829	0.936
605	0.46	0.219
606	0.219	0.786
607	0.1	0.542
608	0.561	0.681
609	0.87	0.016
610	0.731	0.707
611	0.773	0.315
612	0.786	0.697
613	0.214	0.551
614	0.379	0.812
615	0.041	0.837
616	0.151	0.661
617	0.052	0.724
618	0.333	0.151
619	0.92	0.144
620	0.122	0.114
621	0.877	0.93
622	0.208	0.567
623	0.283	0.705
624	0.545	0.064
625	0.622	0.895
626	0.642	0.442
627	0.823	0.021
628	0.425	0.387
629	0.462	0.099
630	0.742	0.629
631	0.779	0.292
632	0.751	0.552
633	0.057	0.062
634	0.326	0.478
635	0.9	0.09
636	0.344	0.528
637	0.923	0.886
638	0.922	0.436
639	0.793	0.688
640	0.092	0.315
641	0.538	0.592
642	0.636	0.037
643	0.335	0.904
644	0.799	0.768
645	0.52	0.305
646	0.454	0.747
647	0.932	0.743
648	0.754	0.876
649	0.507	0.51
650	0.133	0.164
651	0.125	0.806
652	0.643	0.944
653	0.42	0.201
654	0.905	0.112
655	0.866	0.519
656	0.534	0.112
657	0.243	0.838
658	0.372	0.19
659	0.577	0.293
660	0.659	0.926
661	0.669	0.175
662	0.728	0.009
663	0.699	0.08
664	0.904	0.874
665	0.825	0.927
666	0.087	0.399
667	0.109	0.267
668	0.418	0.244
669	0.362	0.942
670	0.493	0.656
671	0.796	0.568
672	0.291	0.482
673	0.195	0.006
674	0.658	0.494
675	0.539	0.616
676	0.213	0.916
677	0.516	0.108
678	0.176	0.51
679	0.479	0.763
680	0.896	0.959
681	0.467	0.411
682	0.888	0.299
683	0.373	0.943
684	0.484	0.507
685	0.139	0.017
686	0.628	0.3
687	0.562	0.497
688	0.004	0.414
689	0.705	0.812
690	0.57	0.712
691	0.897	0.337
692	0.695	0.802
693	0.939	0.664
694	0.783	0.313
695	0.296	0.299
696	0.621	0.659
697	0.57	0.707
698	0.884	0.287
699	0.243	0.339
700	0.959	0.294
701	0.398	0.401
702	0.71	0.962
703	0.199	0.796
704	0.455	0.128
705	0.362	0.117
706	0.212	0.23
707	0.044	0.577
708	0.289	0.404
709	0.175	0.16
710	0.887	0.102
711	0.952	0.551
712	0.198	0.526
713	0.456	0.669
714	0.811	0.626
715	0.694	0.251
716	0.5	0.016
717	0.997	0.36
718	0.934	0.815
719	0.852	0.898
720	0.42	0.272
721	0.592	0.501
722	0.714	0.201
723	0.704	0.201
724	0.536	0.527
725	0.694	0.57
726	0.101	0.245
727	0.799	0.19
728	0.051	0.28
729	0.396	0.362
730	0.591	0.369
731	0.872	0.339
732	0.539	0.187
733	0.007	0.504
734	0.414	0.219
735	0.476	0.617
736	0.317	0.929
737	0.612	0.937
738	0.763	0.979
739	0.964	0.09
740	0.612	0.292
741	0.03	0.16
742	0.751	0.607
743	0.848	0.938
744	0.79	0.94
745	0.04	0.228
746	0.762	0.888
747	0.592	0.623
748	0.529	0.909
749	0.911	0.124
750	0.279	0.486
751	0.706	0.908
752	0.806	0.02
753	0.572	0.914
754	0.719	0.283
755	0.068	0.391
756	0.398	0.501
757	0.2	0.913
758	0.531	0.227
759	0.684	0.058
760	0.747	0.665
761	0.961	0.933
762	0.901	0.002
763	0.916	0.47
764	0.601	0.816
765	0.505	0.789
766	0.083	0.428
767	0.285	0.415
768	0.367	0.769
769	0.943	0.359
770	0.806	0.869
771	0.285	0.671
772	0.794	0.523
773	0.941	0.47
774	0.846	0.187
775	0.61	0.488
776	0.305	0.234
777	0.962	0.846
778	0.58	0.603
779	0.423	0.649
780	0.685	0.981
781	0.386	0.177
782	0.806	0.741
783	0.099	0.939
784	0.833	0.181
785	0.952	0.728
786	0.165	0.669
787	0.325	0.718
788	0.66	0.057
789	0.083	0.396
790	0.586	0.067
791	0.692	0.417
792	0.461	0.186
793	0.825	0.165
794	0.121	0.907
795	0.205	0.055
796	0.767	0.397
797	0.344	0.274
798	0.123	0.632
799	0.081	0.758
800	0.506	0.24
801	0.331	0.895
802	0.578	0.74
803	0.949	0.84
804	0.604	0.027
805	0.244	0.725
806	0.896	0.907
807	0.067	0.471
808	0.446	0.444
809	0.386	0.901
810	0.64	0.72
811	0.642	0.178
812	0.002	0.887
813	0.648	0.145
814	0.608	0.281
815	0.503	0.661
816	0.507	0.76
817	0.448	0.85
818	0.325	0.409
819	0.98	0.829
820	0.836	0.721
821	0.127	0.526
822	0.915	0.303
823	0.51	0.411
824	0.696	0.676
825	0.818	0.584
826	0.729	0.019
827	0.234	0.646
828	0.178	0.057
829	0.008	0.032
830	0.725	0.448
831	0.135	0.049
832	0.886	0.737
833	0.815	0.062
834	0.998	0.636
835	0.088	0.352
836	0.456	0.887
837	0.491	0.491
838	0.24	0.208
839	0.376	0.842
840	0.082	0.597
841	0.264	0.393
842	0.216	0.66
843	0.714	0.531
844	0.907	0.23
845	0.945	0.462
846	0.517	0.4
847	0.824	0.324
848	0.078	0.223
849	0.763	0.879
850	0.69	0.578
851	0.642	0.718
852	0.175	0.095
853	0.839	0.645
854	0.004	0.878
855	0.527	0.237
856	0.052	0.784
857	0.806	0.9
858	0.599	0.858
859	0.28	0.532
860	0.621	0.135
861	0.685	0.033
862	0.974	0.29
863	0.281	0.867
864	0.481	0.802
865	0.502	0.436
866	0.782	0.834
867	0.424	0.392
868	0.163	0.435
869	0.106	0.887
870	0.441	0.985
871	0.521	0.157
872	0.636	0.227
873	0.953	0.976
874	0.216	0.33
875	0.954	0.759
876	0.622	0.414
877	0.587	0.152
878	0.985	0.422
879	0.055	0.46
880	0.157	0.258
881	0.542	0.127
882	0.212	0.045
883	0.674	0.887
884	0.604	0.14
885	0.797	0.453
886	0.138	0.778
887	0.579	0.241
888	0.405	0.353
889	0.477	0.068
890	0.286	0.603
891	0.414	0.342
892	0.514	0.162
893	0.34	0.571
894	0.852	0.521
895	0.25	0.459
896	0.666	0.868
897	0.139	0.854
898	0.597	0.47
899	0.598	0.91
900	0.665	0.411
901	0.396	0.098
902	0.484	0.555
903	0.037	0.771
904	0.205	0.302
905	0.996	0.519
906	0.609	0.961
907	0.519	0.728
908	0.346	0.586
909	0.826	0.058
910	0.528	0.377
911	0.413	0.818
912	0.485	0.568
913	0.375	0.137
914	0.801	0.121
915	0.654	0.246
916	0.853	0.511
917	0.408	0.141
918	0.664	0.876
919	0.18	0.272
920	0.362	0.321
921	0.348	0.084
922	0.303	0.897
923	0.124	0.446
924	0.307	0.863
925	0.071	0.355
926	0.436	0.474
927	0.282	0.056
928	0.617	0.918
929	0.188	0.267
930	0.325	0.17
931	0.151	0.1
932	0.568	0.024
933	0.787	0.174
934	0.684	0.74
935	0.133	0.886
936	0.724	0.414
937	0.608	0.111
938	0.208	0.121
939	0.416	0.624
940	0.321	0.116
941	0.487	0.992
942	0.385	0.428
943	0.909	0.77
944	0.217	0.727
945	0.38	0.523
946	0.69	0.584
947	0.003	0.644
948	0.052	0.58
949	0.587	0.172
950	0.65	0.859
951	0.637	0.538
952	0.501	0.725
953	0.77	0.532
954	0.65	0.027
955	0.924	0.592
956	0.457	0.974
957	0.624	0.127
958	0.555	0.412
959	0.579	0.998
960	0.407	0.62
961	0.151	0.653
962	0.631	0.793
963	0.202	0.258
964	0.138	0.686
965	0.945	0.517
966	0.051	0.032
967	0.752	0.656
968	0.295	0.657
969	0.299	0.622
970	0.259	0.355
971	0.751	0.23
972	0.24	0.056
973	0.334	0.944
974	0.424	0.345
975	0.416	0.703
976	0.283	0.861
977	0.435	0.173
978	0.347	0.876
979	0.187	0.423
980	0.097	0.009
981	0.949	0.23
982	0.048	0.334
983	0.171	0.499
984	0.733	0.509
985	0.795	0.166
986	0.473	0.793
987	0.363	0.128
988	0.085	0.598
989	0.472	0.903
990	0.929	0.38
991	0.883	0.91
992	0.065	0.651
993	0.185	0.145
994	0.57	0.956
995	0.518	0.169
996	0.986	0.193
997	0.354	0.941
998	0.442	0.431
999	0.076	0.323
1000	0.987	0.15
1001	0.626	0.145
1002	0.66	0.87
1003	0.124	0.653
1004	0.332	0.817
1005	0.851	0.716
1006	0.263	0.899
1007	0.069	0.023
1008	0.379	0.753
1009	0.791	0.944
1010	0.275	0.14
1011	0.117	0.865
1012	0.839	0.185
1013	0.161	0.814
1014	0.516	0.911
1015	0.463	0.973
1016	0.666	0.425
1017	0.955	0.105
1018	0.158	0.653
1019	0.606	0.118
1020	0.973	0.215
1021	0.866	0.883
1022	0.398	0.251
1023	0.019	0.369
1024	0.953	0.411
1025	0.613	0.794
1026	0.512	0.907
1027	0.57	0.634
1028	0.998	0.474
1029	0.867	0.893
1030	0.35	0.919
1031	0.479	0.339
1032	0.918	0.752
1033	0.258	0.143
1034	0.302	0.065
1035	0.036	0.212
1036	0.386	0.316
1037	0.892	0.651
1038	0.347	0.472
1039	0.762	0.7
1040	0.719	0.523
1041	0.724	0.748
1042	0.377	0.661
1043	0.402	0.523
1044	0.715	0.111
1045	0.817	0.15
1046	0.763	0.233
1047	0.482	0.136
1048	0.212	0.528
1049	0.001	0.804
1050	0.7	0.33
1051	0.98	0.196
1052	0.161	0.241
1053	0.249	0.484
1054	0.095	0.393
1055	0.486	0.076
1056	0.897	0.79
1057	0.999	0.13
1058	0.852	0.201
1059	0.13	0.078
1060	0.062	0.841
1061	0.814	0.456
1062	0.436	0.015
1063	0.471	0.211
1064	0.157	0.268
1065	0.96	0.195
1066	0.955	0.134
1067	0.439	0.561
1068	0.483	0.212
1069	0.029	0.038
1070	0.637	0.83
1071	0.666	0.88
1072	0.345	0.338
1073	0.525	0.438
1074	0.883	0.039
1075	0.313	0.542
1076	0.646	0.254
1077	0.096	0.584
1078	0.321	0.953
1079	0.635	0.995
1080	0.125	0.454
1081	0.068	0.725
1082	0.865	0.207
1083	0.205	0.443
1084	0.456	0.517
1085	0.428	0.431
1086	0.374	0.754
1087	0.612	0.886
1088	0.808	0.702
1089	0.257	0.887
1090	0.57	0.548
1091	0.811	0.297
1092	0.489	0.764
1093	0.21	0.106
1094	0.171	0.208
1095	0.832	0.319
1096	0.003	0.762
1097	0.676	0.797
1098	0.685	0.669
1099	0.185	0.156
1100	0.877	0.98
1101	0.322	0.817
1102	0.472	0.898
1103	0.842	0.87
1104	0.365	0.932
1105	0.761	0.468
1106	0.876	0.879
1107	0.077	0.486
1108	0.873	0.99
1109	0.423	0.666
1110	0.464	0.855
1111	0.418	0.186
1112	0.502	0.53
1113	0.737	0.898
1114	0.886	0.017
1115	0.35	0.782
1116	0.302	0.153
1117	0.296	0.876
1118	0.121	0.592
1119	0.652	0.145
1120	0.203	0.341
1121	0.548	0.044
1122	0.394	0.879
1123	0.14	0.566
1124	0.611	0.344
1125	0.567	0.786
1126	0.896	0.845
1127	0.129	0.644
1128	0.368	0.262
1129	0.154	0.158
1130	0.488	0.719
1131	0.255	0.696
1132	0.983	0.109
1133	0.608	0.673
1134	0.133	0.949
1135	0.514	0.481
1136	0.522	0.788
1137	0.23	0.443
1138	0.361	0.061
1139	0.023	0.686
1140	0.577	0.566
1141	0.291	0.413
1142	0.315	0.442
1143	0.794	0.518
1144	0.0	0.679
1145	0.726	0.582
1146	0.144	0.252
1147	0.475	0.787
1148	0.286	0.543
1149	0.252	0.485
1150	0.194	0.632
1151	0.912	0.298
1152	0.467	0.03
1153	0.52	0.635
1154	0.444	0.382
1155	0.47	0.927
1156	0.087	0.904
1157	0.093	0.02
1158	0.115	0.918
1159	0.283	0.621
1160	0.965	0.7
1161	0.659	0.014
1162	0.049	0.824
1163	0.755	0.246
1164	0.602	0.034
1165	0.66	0.442
1166	0.359	0.947
1167	0.907	0.725
1168	0.708	0.32
1169	0.168	0.176
1170	0.923	0.258
1171	0.607	0.828
1172	0.113	0.357
1173	0.651	0.565
1174	0.261	0.547
1175	0.885	0.084
1176	0.306	0.089
1177	0.002	0.301
1178	0.309	0.833
1179	0.136	0.037
1180	0.424	0.369
1181	0.947	0.336
1182	0.98	0.125
1183	0.468	0.106
1184	0.808	0.571
1185	0.178	0.82
1186	0.226	0.737
1187	0.89	0.887
1188	0.13	0.147
1189	0.112	0.372
1190	0.277	0.471
1191	0.042	0.432
1192	0.156	0.587
1193	0.674	0.47
1194	0.973	0.056
1195	0.414	0.631
1196	0.949	0.55
1197	0.599	0.295
1198	0.882	0.481
1199	0.614	0.079
1200	0.192	0.533
1201	0.397	0.482
1202	0.781	0.374
1203	0.369	0.186
1204	0.45	0.453
1205	0.25	0.044
1206	0.246	0.842
1207	0.996	0.218
1208	0.988	0.522
1209	0.321	0.059
1210	0.203	0.312
1211	0.831	0.599
1212	0.762	0.023
1213	0.864	0.657
1214	0.359	0.02
1215	0.725	0.978
1216	0.577	0.72
1217	0.487	0.114
1218	0.054	0.702
1219	0.963	0.073
1220	0.298	0.909
1221	0.077	0.921
1222	0.778	0.6
1223	0.478	0.158
1224	0.926	0.81
1225	0.611	0.505
1226	0.344	0.158
1227	0.086	0.681
1228	0.653	0.561
1229	0.272	0.325
1230	0.26	0.85
1231	0.101	0.938
1232	0.331	0.191
1233	0.93	0.782
1234	0.311	0.254
1235	0.099	0.469
1236	0.204	0.461
1237	0.069	0.778
1238	0.413	0.63
1239	0.066	0.264
1240	0.91	0.006
1241	0.131	0.031
1242	0.779	0.216
1243	0.095	0.462
1244	0.413	0.154
1245	0.113	0.775
1246	0.282	0.846
1247	0.197	0.176
1248	0.634	0.562
1249	0.928	0.212
1250	0.372	0.663
1251	0.534	0.999
1252	0.973	0.486
1253	0.535	0.573
1254	0.296	0.286
1255	0.507	0.362
1256	0.002	0.878
1257	0.34	0.787
1258	0.923	0.932
1259	0.772	0.655
1260	0.986	0.534
1261	0.607	0.605
1262	0.517	0.061
1263	0.134	0.718
1264	0.701	0.245
1265	0.017	0.296
1266	0.301	0.334
1267	0.898	0.946
1268	0.006	0.49
1269	0.993	0.094
1270	0.0	0.069
1271	0.831	0.029
1272	0.578	0.845
1273	0.306	0.772
1274	0.628	0.298
1275	0.119	0.278
1276	0.951	0.154
1277	0.899	0.836
1278	0.203	0.846
1279	0.16	0.729
1280	0.71	0.599
1281	0.851	0.104
1282	0.763	0.344
1283	0.659	0.976
1284	0.09	0.483
1285	0.29	0.047
1286	0.84	0.348
1287	0.4	0.117
1288	0.902	0.559
1289	0.844	0.209
1290	0.551	0.801
1291	0.65	0.205
1292	0.015	0.874
1293	0.146	0.52
1294	0.284	0.254
1295	0.712	0.25
1296	0.385	0.935
1297	0.823	0.76
1298	0.774	0.568
1299	0.035	0.724
1300	0.79	0.099
1301	0.094	0.411
1302	0.894	0.847
1303	0.344	0.163
1304	0.264	0.45
1305	0.059	0.182
1306	0.265	0.931
1307	0.968	0.893
1308	0.128	0.064
1309	0.584	0.538
1310	0.67	0.322
1311	0.81	0.722
1312	0.288	0.389
1313	0.281	0.365
1314	0.625	0.17
1315	0.947	0.241
1316	0.535	0.147
1317	0.691	0.307
1318	0.169	0.437
1319	0.076	0.959
1320	0.081	0.156
1321	0.796	0.552
1322	0.181	0.046
1323	0.911	0.579
1324	0.309	0.427
1325	0.447	0.75
1326	0.821	0.733
1327	0.522	0.512
1328	0.884	0.764
1329	0.686	0.603
1330	0.071	0.201
1331	0.517	0.486
1332	0.859	0.948
1333	0.741	0.782
1334	0.747	0.766
1335	0.985	0.038
1336	0.051	0.046
1337	0.964	0.578
1338	0.551	0.716
1339	0.827	0.314
1340	0.572	0.721
1341	0.433	0.796
1342	0.023	0.465
1343	0.69	0.592
1344	0.871	0.415
1345	0.308	0.355
1346	0.837	0.892
1347	0.533	0.911
1348	0.356	0.457
1349	0.681	0.795
1350	0.234	0.711
1351	0.986	0.356
1352	0.361	0.298
1353	0.6	0.218
1354	0.273	0.578
1355	0.865	0.652
1356	0.67	0.461
1357	0.098	0.37
1358	0.113	0.668
1359	0.398	0.285
1360	0.78	0.171
1361	0.011	0.213
1362	0.261	0.006
1363	0.285	0.159
1364	0.997	0.384
1365	0.483	0.09
1366	0.486	0.048
1367	0.939	0.267
1368	0.312	0.253
1369	0.678	0.965
1370	0.83	0.422
1371	0.023	0.631
1372	0.771	0.451
1373	0.679	0.643
1374	0.464	0.981
1375	0.602	0.456
1376	0.152	0.931
1377	0.762	0.297
1378	0.573	0.357
1379	0.037	0.988
1380	0.185	0.899
1381	0.209	0.142
1382	0.218	0.226
1383	0.115	0.458
1384	0.035	0.199
1385	0.987	0.056
1386	0.229	0.448
1387	0.603	0.772
1388	0.908	0.107
1389	0.836	0.401
1390	0.672	0.193
1391	0.534	0.514
1392	0.08	0.157
1393	0.446	0.734
1394	0.968	0.329
1395	0.84	0.157
1396	0.979	0.245
1397	0.753	0.877
1398	0.756	0.126
1399	0.049	0.453
1400	0.933	0.415
1401	0.084	0.665
NODE_COORD_SECTION*
1	500	500
2	510	365
3	382	322
4	988	98
5	742	17
6	595	106
7	123	569
8	214	737
9	96	113
10	638	47
11	73	544
12	942	224
13	111	409
14	339	846
15	253	420
16	608	208
17	68	817
18	823	451
19	2	340
20	39	322
21	596	559
22	504	957
23	176	135
24	873	99
25	380	860
26	180	358
27	865	213
28	630	862
29	411	290
30	993	588
31	680	899
32	106	837
33	576	843
34	418	826
35	394	790
36	717	146
37	484	271
38	411	765
39	158	180
40	582	365
41	371	154
42	720	390
43	782	255
44	244	359
45	971	950
46	967	129
47	555	186
48	357	695
49	537	434
50	980	824
51	305	780
52	530	465
53	513	51
54	940	885
55	745	304
56	56	987
57	945	342
58	515	67
59	139	661
60	473	615
61	489	354
62	3	907
63	259	755
64	222	262
65	265	87
66	14	998
67	467	889
68	198	140
69	438	539
70	806	401
71	957	878
72	842	867
73	628	99
74	193	815
75	493	16
76	645	360
77	109	86
78	46	271
79	315	296
80	409	301
81	433	768
82	419	925
83	385	979
84	836	926
85	903	861
86	486	60
87	321	884
88	766	972
89	323	812
90	819	647
91	998	88
92	966	141
93	412	364
94	319	340
95	932	631
96	496	480
97	377	424
98	472	884
99	762	959
100	58	493
101	77	8
102	206	390
103	65	222
104	198	552
105	887	970
106	76	460
107	665	490
108	635	497
109	135	781
110	428	763
111	257	759
112	681	206
113	440	471
114	575	481
115	515	17
116	88	750
117	215	197
118	609	562
119	357	130
120	658	814
121	557	953
122	931	530
123	475	686
124	950	503
125	73	977
126	574	707
127	651	410
128	92	459
129	906	899
130	557	634
131	442	187
132	407	281
133	795	441
134	622	507
135	259	611
136	718	341
137	955	502
138	432	312
139	983	855
140	612	900
141	325	112
142	312	572
143	649	194
144	997	673
145	69	636
146	393	207
147	251	540
148	322	10
149	740	771
150	944	771
151	791	731
152	695	290
153	293	305
154	855	853
155	665	401
156	186	194
157	301	10
158	136	757
159	992	281
160	355	579
161	627	321
162	519	454
163	867	225
164	679	978
165	220	422
166	901	137
167	168	489
168	324	506
169	215	744
170	405	601
171	818	932
172	44	604
173	995	339
174	337	999
175	383	108
176	573	872
177	247	759
178	14	974
179	535	830
180	924	629
181	592	752
182	238	152
183	126	143
184	945	464
185	639	494
186	596	747
187	751	218
188	885	516
189	149	544
190	423	385
191	866	106
192	466	615
193	858	359
194	419	570
195	934	769
196	488	436
197	913	173
198	790	510
199	53	985
200	330	495
201	896	803
202	881	83
203	350	583
204	39	855
205	501	851
206	886	334
207	29	19
208	293	1
209	133	361
210	81	675
211	589	25
212	609	629
213	477	454
214	442	413
215	593	405
216	144	286
217	439	464
218	158	12
219	602	467
220	400	92
221	550	354
222	519	618
223	165	14
224	625	640
225	480	642
226	998	37
227	943	62
228	445	526
229	61	892
230	361	81
231	549	222
232	403	442
233	6	868
234	986	583
235	845	241
236	846	966
237	224	563
238	865	259
239	128	104
240	638	126
241	333	606
242	165	625
243	564	851
244	770	994
245	493	224
246	526	514
247	859	986
248	366	238
249	672	978
250	951	377
251	288	414
252	771	735
253	233	219
254	247	847
255	880	106
256	731	846
257	111	533
258	158	699
259	852	799
260	70	736
261	391	589
262	189	248
263	216	223
264	27	321
265	16	474
266	897	135
267	293	403
268	767	880
269	191	740
270	888	404
271	89	286
272	211	837
273	113	398
274	696	256
275	89	796
276	577	277
277	956	540
278	8	808
279	20	438
280	760	607
281	991	622
282	747	551
283	281	687
284	125	716
285	898	223
286	544	864
287	297	233
288	76	810
289	965	515
290	869	703
291	197	434
292	450	730
293	231	467
294	401	915
295	669	201
296	179	790
297	302	386
298	755	49
299	377	509
300	520	496
301	402	419
302	935	922
303	745	347
304	234	626
305	71	105
306	495	583
307	593	890
308	660	493
309	652	794
310	750	891
311	573	295
312	820	719
313	295	126
314	264	410
315	720	258
316	823	180
317	771	295
318	179	823
319	832	205
320	199	838
321	29	24
322	38	719
323	330	152
324	32	958
325	508	821
326	115	434
327	623	980
328	179	435
329	713	951
330	625	584
331	0	225
332	30	788
333	23	530
334	60	111
335	443	635
336	468	920
337	531	116
338	153	126
339	518	450
340	999	311
341	71	500
342	93	522
343	455	248
344	484	400
345	583	174
346	939	191
347	413	554
348	234	527
349	118	259
350	340	49
351	545	765
352	743	290
353	63	268
354	874	538
355	455	936
356	809	924
357	253	655
358	234	180
359	557	964
360	804	359
361	743	489
362	955	713
363	142	916
364	801	725
365	725	8
366	665	844
367	757	401
368	768	790
369	288	430
370	94	889
371	788	726
372	207	60
373	794	740
374	446	101
375	691	447
376	653	868
377	430	774
378	331	667
379	386	405
380	754	596
381	702	284
382	403	578
383	474	724
384	872	416
385	605	559
386	358	808
387	122	648
388	687	485
389	214	181
390	534	192
391	660	415
392	364	665
393	32	187
394	904	80
395	581	941
396	6	127
397	6	632
398	740	964
399	160	113
400	137	720
401	871	795
402	686	813
403	533	532
404	765	366
405	183	287
406	159	370
407	675	414
408	837	821
409	276	34
410	717	22
411	253	681
412	765	535
413	349	329
414	836	382
415	636	762
416	425	669
417	710	389
418	199	819
419	217	506
420	849	483
421	921	355
422	552	451
423	693	827
424	844	950
425	919	374
426	862	126
427	213	423
428	465	703
429	929	470
430	38	750
431	484	121
432	238	768
433	378	745
434	531	622
435	664	133
436	115	93
437	467	968
438	631	880
439	465	743
440	770	675
441	837	677
442	64	82
443	293	283
444	942	968
445	46	254
446	521	343
447	473	967
448	132	908
449	341	545
450	920	662
451	232	879
452	340	770
453	775	685
454	241	957
455	678	818
456	230	789
457	812	202
458	662	432
459	335	755
460	635	690
461	539	866
462	873	284
463	954	759
464	869	709
465	752	845
466	220	496
467	509	923
468	969	621
469	430	515
470	471	641
471	365	63
472	284	856
473	94	942
474	237	526
475	165	864
476	241	688
477	199	551
478	911	101
479	363	1000
480	801	894
481	645	358
482	487	752
483	854	948
484	625	148
485	354	238
486	924	482
487	513	864
488	281	811
489	479	17
490	353	29
491	619	22
492	47	438
493	211	493
494	638	505
495	22	551
496	575	71
497	397	379
498	470	877
499	77	1
500	377	3
501	727	242
502	867	264
503	527	863
504	159	26
505	14	323
506	227	792
507	14	763
508	11	70
509	739	407
510	581	111
511	168	571
512	492	286
513	404	59
514	74	975
515	461	984
516	269	357
517	337	269
518	407	498
519	711	236
520	536	993
521	876	107
522	667	87
523	17	56
524	865	681
525	834	139
526	419	324
527	82	75
528	858	272
529	170	91
530	39	277
531	703	393
532	360	645
533	16	331
534	446	709
535	490	469
536	945	79
537	195	920
538	32	760
539	0	590
540	127	144
541	426	441
542	146	565
543	369	338
544	595	768
545	214	655
546	663	723
547	974	191
548	697	663
549	953	100
550	959	168
551	160	223
552	441	892
553	695	862
554	782	832
555	880	395
556	162	548
557	239	541
558	729	10
559	955	799
560	769	393
561	123	173
562	533	840
563	117	54
564	442	285
565	692	856
566	788	849
567	787	231
568	463	368
569	166	802
570	540	365
571	567	989
572	371	950
573	948	175
574	578	950
575	287	825
576	333	217
577	324	27
578	839	620
579	751	480
580	739	827
581	780	467
582	273	946
583	49	979
584	298	736
585	852	301
586	23	987
587	4	925
588	298	820
589	919	614
590	397	739
591	419	153
592	758	780
593	231	788
594	345	353
595	551	205
596	980	810
597	570	560
598	174	753
599	146	907
600	291	377
601	861	875
602	32	619
603	382	342
604	829	936
605	460	219
606	219	786
607	100	542
608	561	681
609	870	16
610	731	707
611	773	315
612	786	697
613	214	551
614	379	812
615	41	837
616	151	661
617	52	724
618	333	151
619	920	144
620	122	114
621	877	930
622	208	567
623	283	705
624	545	64
625	622	895
626	642	442
627	823	21
628	425	387
629	462	99
630	742	629
631	779	292
632	751	552
633	57	62
634	326	478
635	900	90
636	344	528
637	923	886
638	922	436
639	793	688
640	92	315
641	538	592
642	636	37
643	335	904
644	799	768
645	520	305
646	454	747
647	932	743
648	754	876
649	507	510
650	133	164
651	125	806
652	643	944
653	420	201
654	905	112
655	866	519
656	534	112
657	243	838
658	372	190
659	577	293
660	659	926
661	669	175
662	728	9
663	699	80
664	904	874
665	825	927
666	87	399
667	109	267
668	418	244
669	362	942
670	493	656
671	796	568
672	291	482
673	195	6
674	658	494
675	539	616
676	213	916
677	516	108
678	176	510
679	479	763
680	896	959
681	467	411
682	888	299
683	373	943
684	484	507
685	139	17
686	628	300
687	562	497
688	4	414
689	705	812
690	570	712
691	897	337
692	695	802
693	939	664
694	783	313
695	296	299
696	621	659
697	570	707
698	884	287
699	243	339
700	959	294
701	398	401
702	710	962
703	199	796
704	455	128
705	362	117
706	212	230
707	44	577
708	289	404
709	175	160
710	887	102
711	952	551
712	198	526
713	456	669
714	811	626
715	694	251
716	500	16
717	997	360
718	934	815
719	852	898
720	420	272
721	592	501
722	714	201
723	704	201
724	536	527
725	694	570
726	101	245
727	799	190
728	51	280
729	396	362
730	591	369
731	872	339
732	539	187
733	7	504
734	414	219
735	476	617
736	317	929
737	612	937
738	763	979
739	964	90
740	612	292
741	30	160
742	751	607
743	848	938
744	790	940
745	40	228
746	762	888
747	592	623
748	529	909
749	911	124
750	279	486
751	706	908
752	806	20
753	572	914
754	719	283
755	68	391
756	398	501
757	200	913
758	531	227
759	684	58
760	747	665
761	961	933
762	901	2
763	916	470
764	601	816
765	505	789
766	83	428
767	285	415
768	367	769
769	943	359
770	806	869
771	285	671
772	794	523
773	941	470
774	846	187
775	610	488
776	305	234
777	962	846
778	580	603
779	423	649
780	685	981
781	386	177
782	806	741
783	99	939
784	833	181
785	952	728
786	165	669
787	325	718
788	660	57
789	83	396
790	586	67
791	692	417
792	461	186
793	825	165
794	121	907
795	205	55
796	767	397
797	344	274
798	123	632
799	81	758
800	506	240
801	331	895
802	578	740
803	949	840
804	604	27
805	244	725
806	896	907
807	67	471
808	446	444
809	386	901
810	640	720
811	642	178
812	2	887
813	648	145
814	608	281
815	503	661
816	507	760
817	448	850
818	325	409
819	980	829
820	836	721
821	127	526
822	915	303
823	510	411
824	696	676
825	818	584
826	729	19
827	234	646
828	178	57
829	8	32
830	725	448
831	135	49
832	886	737
833	815	62
834	998	636
835	88	352
836	456	887
837	491	491
838	240	208
839	376	842
840	82	597
841	264	393
842	216	660
843	714	531
844	907	230
845	945	462
846	517	400
847	824	324
848	78	223
849	763	879
850	690	578
851	642	718
852	175	95
853	839	645
854	4	878
855	527	237
856	52	784
857	806	900
858	599	858
859	280	532
860	621	135
861	685	33
862	974	290
863	281	867
864	481	802
865	502	436
866	782	834
867	424	392
868	163	435
869	106	887
870	441	985
871	521	157
872	636	227
873	953	976
874	216	330
875	954	759
876	622	414
877	587	152
878	985	422
879	55	460
880	157	258
881	542	127
882	212	45
883	674	887
884	604	140
885	797	453
886	138	778
887	579	241
888	405	353
889	477	68
890	286	603
891	414	342
892	514	162
893	340	571
894	852	521
895	250	459
896	666	868
897	139	854
898	597	470
899	598	910
900	665	411
901	396	98
902	484	555
903	37	771
904	205	302
905	996	519
906	609	961
907	519	728
908	346	586
909	826	58
910	528	377
911	413	818
912	485	568
913	375	137
914	801	121
915	654	246
916	853	511
917	408	141
918	664	876
919	180	272
920	362	321
921	348	84
922	303	897
923	124	446
924	307	863
925	71	355
926	436	474
927	282	56
928	617	918
929	188	267
930	325	170
931	151	100
932	568	24
933	787	174
934	684	740
935	133	886
936	724	414
937	608	111
938	208	121
939	416	624
940	321	116
941	487	992
942	385	428
943	909	770
944	217	727
945	380	523
946	690	584
947	3	644
948	52	580
949	587	172
950	650	859
951	637	538
952	501	725
953	770	532
954	650	27
955	924	592
956	457	974
957	624	127
958	555	412
959	579	998
960	407	620
961	151	653
962	631	793
963	202	258
964	138	686
965	945	517
966	51	32
967	752	656
968	295	657
969	299	622
970	259	355
971	751	230
972	240	56
973	334	944
974	424	345
975	416	703
976	283	861
977	435	173
978	347	876
979	187	423
980	97	9
981	949	230
982	48	334
983	171	499
984	733	509
985	795	166
986	473	793
987	363	128
988	85	598
989	472	903
990	929	380
991	883	910
992	65	651
993	185	145
994	570	956
995	518	169
996	986	193
997	354	941
998	442	431
999	76	323
1000	987	150
1001	626	145
1002	660	870
1003	124	653
1004	332	817
1005	851	716
1006	263	899
1007	69	23
1008	379	753
1009	791	944
1010	275	140
1011	117	865
1012	839	185
1013	161	814
1014	516	911
1015	463	973
1016	666	425
1017	955	105
1018	158	653
1019	606	118
1020	973	215
1021	866	883
1022	398	251
1023	19	369
1024	953	411
1025	613	794
1026	512	907
1027	570	634
1028	998	474
1029	867	893
1030	350	919
1031	479	339
1032	918	752
1033	258	143
1034	302	65
1035	36	212
1036	386	316
1037	892	651
1038	347	472
1039	762	700
1040	719	523
1041	724	748
1042	377	661
1043	402	523
1044	715	111
1045	817	150
1046	763	233
1047	482	136
1048	212	528
1049	1	804
1050	700	330
1051	980	196
1052	161	241
1053	249	484
1054	95	393
1055	486	76
1056	897	790
1057	999	130
1058	852	201
1059	130	78
1060	62	841
1061	814	456
1062	436	15
1063	471	211
1064	157	268
1065	960	195
1066	955	134
1067	439	561
1068	483	212
1069	29	38
1070	637	830
1071	666	880
1072	345	338
1073	525	438
1074	883	39
1075	313	542
1076	646	254
1077	96	584
1078	321	953
1079	635	995
1080	125	454
1081	68	725
1082	865	207
1083	205	443
1084	456	517
1085	428	431
1086	374	754
1087	612	886
1088	808	702
1089	257	887
1090	570	548
1091	811	297
1092	489	764
1093	210	106
1094	171	208
1095	832	319
1096	3	762
1097	676	797
1098	685	669
1099	185	156
1100	877	980
1101	322	817
1102	472	898
1103	842	870
1104	365	932
1105	761	468
1106	876	879
1107	77	486
1108	873	990
1109	423	666
1110	464	855
1111	418	186
1112	502	530
1113	737	898
1114	886	17
1115	350	782
1116	302	153
1117	296	876
1118	121	592
1119	652	145
1120	203	341
1121	548	44
1122	394	879
1123	140	566
1124	611	344
1125	567	786
1126	896	845
1127	129	644
1128	368	262
1129	154	158
1130	488	719
1131	255	696
1132	983	109
1133	608	673
1134	133	949
1135	514	481
1136	522	788
1137	230	443
1138	361	61
1139	23	686
1140	577	566
1141	291	413
1142	315	442
1143	794	518
1144	0	679
1145	726	582
1146	144	252
1147	475	787
1148	286	543
1149	252	485
1150	194	632
1151	912	298
1152	467	30
1153	520	635
1154	444	382
1155	470	927
1156	87	904
1157	93	20
1158	115	918
1159	283	621
1160	965	700
1161	659	14
1162	49	824
1163	755	246
1164	602	34
1165	660	442
1166	359	947
1167	907	725
1168	708	320
1169	168	176
1170	923	258
1171	607	828
1172	113	357
1173	651	565
1174	261	547
1175	885	84
1176	306	89
1177	2	301
1178	309	833
1179	136	37
1180	424	369
1181	947	336
1182	980	125
1183	468	106
1184	808	571
1185	178	820
1186	226	737
1187	890	887
1188	130	147
1189	112	372
1190	277	471
1191	42	432
1192	156	587
1193	674	470
1194	973	56
1195	414	631
1196	949	550
1197	599	295
1198	882	481
1199	614	79
1200	192	533
1201	397	482
1202	781	374
1203	369	186
1204	450	453
1205	250	44
1206	246	842
1207	996	218
1208	988	522
1209	321	59
1210	203	312
1211	831	599
1212	762	23
1213	864	657
1214	359	20
1215	725	978
1216	577	720
1217	487	114
1218	54	702
1219	963	73
1220	298	909
1221	77	921
1222	778	600
1223	478	158
1224	926	810
1225	611	505
1226	344	158
1227	86	681
1228	653	561
1229	272	325
1230	260	850
1231	101	938
1232	331	191
1233	930	782
1234	311	254
1235	99	469
1236	204	461
1237	69	778
1238	413	630
1239	66	264
1240	910	6
1241	131	31
1242	779	216
1243	95	462
1244	413	154
1245	113	775
1246	282	846
1247	197	176
1248	634	562
1249	928	212
1250	372	663
1251	534	999
1252	973	486
1253	535	573
1254	296	286
1255	507	362
1256	2	878
1257	340	787
1258	923	932
1259	772	655
1260	986	534
1261	607	605
1262	517	61
1263	134	718
1264	701	245
1265	17	296
1266	301	334
1267	898	946
1268	6	490
1269	993	94
1270	0	69
1271	831	29
1272	578	845
1273	306	772
1274	628	298
1275	119	278
1276	951	154
1277	899	836
1278	203	846
1279	160	729
1280	710	599
1281	851	104
1282	763	344
1283	659	976
1284	90	483
1285	290	47
1286	840	348
1287	400	117
1288	902	559
1289	844	209
1290	551	801
1291	650	205
1292	15	874
1293	146	520
1294	284	254
1295	712	250
1296	385	935
1297	823	760
1298	774	568
1299	35	724
1300	790	99
1301	94	411
1302	894	847
1303	344	163
1304	264	450
1305	59	182
1306	265	931
1307	968	893
1308	128	64
1309	584	538
1310	670	322
1311	810	722
1312	288	389
1313	281	365
1314	625	170
1315	947	241
1316	535	147
1317	691	307
1318	169	437
1319	76	959
1320	81	156
1321	796	552
1322	181	46
1323	911	579
1324	309	427
1325	447	750
1326	821	733
1327	522	512
1328	884	764
1329	686	603
1330	71	201
1331	517	486
1332	859	948
1333	741	782
1334	747	766
1335	985	38
1336	51	46
1337	964	578
1338	551	716
1339	827	314
1340	572	721
1341	433	796
1342	23	465
1343	690	592
1344	871	415
1345	308	355
1346	837	892
1347	533	911
1348	356	457
1349	681	795
1350	234	711
1351	986	356
1352	361	298
1353	600	218
1354	273	578
1355	865	652
1356	670	461
1357	98	370
1358	113	668
1359	398	285
1360	780	171
1361	11	213
1362	261	6
1363	285	159
1364	997	384
1365	483	90
1366	486	48
1367	939	267
1368	312	253
1369	678	965
1370	830	422
1371	23	631
1372	771	451
1373	679	643
1374	464	981
1375	602	456
1376	152	931
1377	762	297
1378	573	357
1379	37	988
1380	185	899
1381	209	142
1382	218	226
1383	115	458
1384	35	199
1385	987	56
1386	229	448
1387	603	772
1388	908	107
1389	836	401
1390	672	193
1391	534	514
1392	80	157
1393	446	734
1394	968	329
1395	840	157
1396	979	245
1397	753	877
1398	756	126
1399	49	453
1400	933	415
1401	84	665
COLOR_SECTION
1	0
2	4
3	7
4	5
5	1
6	6
7	9
8	3
9	8
10	2
11	9
12	5
13	5
14	7
15	9
16	8
17	6
18	1
19	3
20	4
21	8
22	7
23	9
24	8
25	5
26	4
27	8
28	9
29	3
30	9
31	4
32	8
33	6
34	6
35	1
36	1
37	4
38	3
39	9
40	2
41	8
42	7
43	8
44	7
45	3
46	3
47	3
48	7
49	1
50	8
51	7
52	7
53	8
54	1
55	2
56	3
57	4
58	3
59	5
60	2
61	7
62	7
63	7
64	8
65	1
66	7
67	2
68	9
69	8
70	7
71	1
72	1
73	1
74	3
75	7
76	9
77	9
78	5
79	4
80	6
81	9
82	7
83	1
84	3
85	8
86	5
87	1
88	8
89	4
90	6
91	8
92	1
93	1
94	7
95	9
96	5
97	9
98	1
99	8
100	8
101	3
102	3
103	3
104	3
105	4
106	9
107	7
108	2
109	1
110	1
111	3
112	8
113	4
114	2
115	4
116	5
117	7
118	2
119	7
120	3
121	9
122	1
123	8
124	4
125	4
126	1
127	9
128	6
129	5
130	5
131	4
132	6
133	9
134	3
135	5
136	1
137	1
138	9
139	3
140	2
141	9
142	8
143	3
144	9
145	5
146	3
147	6
148	8
149	5
150	5
151	4
152	9
153	9
154	2
155	1
156	7
157	9
158	1
159	9
160	8
161	2
162	3
163	5
164	4
165	1
166	4
167	9
168	7
169	2
170	5
171	9
172	5
173	4
174	4
175	9
176	5
177	5
178	5
179	5
180	4
181	2
182	3
183	9
184	1
185	6
186	3
187	1
188	5
189	3
190	6
191	3
192	9
193	5
194	9
195	6
196	2
197	6
198	5
199	5
200	4
201	8
202	5
203	9
204	4
205	3
206	2
207	9
208	2
209	7
210	1
211	7
212	2
213	5
214	1
215	8
216	6
217	6
218	5
219	3
220	4
221	4
222	4
223	4
224	6
225	1
226	8
227	1
228	8
229	7
230	9
231	8
232	4
233	1
234	6
235	5
236	8
237	1
238	1
239	1
240	8
241	3
242	9
243	7
244	5
245	7
246	2
247	5
248	1
249	6
250	7
251	3
252	4
253	2
254	8
255	3
256	4
257	4
258	2
259	2
260	5
261	5
262	9
263	6
264	2
265	8
266	9
267	1
268	9
269	4
270	4
271	9
272	8
273	2
274	2
275	5
276	7
277	2
278	1
279	5
280	7
281	7
282	5
283	4
284	6
285	3
286	4
287	4
288	8
289	2
290	9
291	5
292	3
293	4
294	8
295	6
296	4
297	5
298	7
299	7
300	6
301	1
302	1
303	1
304	4
305	5
306	5
307	2
308	2
309	9
310	6
311	6
312	7
313	5
314	3
315	3
316	1
317	4
318	6
319	4
320	9
321	5
322	7
323	2
324	6
325	2
326	7
327	8
328	8
329	8
330	3
331	3
332	9
333	5
334	5
335	9
336	5
337	9
338	8
339	1
340	5
341	8
342	6
343	7
344	5
345	3
346	1
347	7
348	9
349	5
350	9
351	8
352	5
353	4
354	9
355	9
356	4
357	9
358	6
359	6
360	8
361	3
362	6
363	8
364	1
365	6
366	7
367	3
368	5
369	9
370	5
371	6
372	7
373	7
374	3
375	1
376	7
377	1
378	8
379	5
380	5
381	7
382	3
383	8
384	2
385	6
386	4
387	5
388	9
389	5
390	8
391	9
392	8
393	6
394	6
395	9
396	8
397	3
398	5
399	6
400	8
401	5
402	7
403	8
404	8
405	6
406	2
407	4
408	6
409	8
410	3
411	5
412	3
413	1
414	1
415	1
416	8
417	7
418	3
419	6
420	1
421	6
422	1
423	5
424	5
425	2
426	5
427	4
428	4
429	7
430	8
431	7
432	2
433	6
434	2
435	2
436	4
437	1
438	3
439	1
440	5
441	2
442	6
443	6
444	4
445	4
446	3
447	9
448	7
449	2
450	2
451	5
452	9
453	7
454	9
455	5
456	9
457	8
458	3
459	5
460	5
461	1
462	6
463	8
464	6
465	5
466	6
467	9
468	5
469	7
470	1
471	8
472	4
473	3
474	4
475	4
476	7
477	6
478	6
479	2
480	7
481	7
482	9
483	5
484	5
485	6
486	4
487	8
488	1
489	3
490	6
491	8
492	3
493	8
494	3
495	3
496	6
497	6
498	7
499	6
500	3
501	9
502	3
503	4
504	9
505	9
506	9
507	1
508	4
509	7
510	1
511	8
512	4
513	9
514	7
515	6
516	9
517	9
518	5
519	8
520	4
521	3
522	5
523	4
524	8
525	8
526	3
527	4
528	8
529	6
530	1
531	8
532	4
533	2
534	9
535	3
536	6
537	6
538	4
539	8
540	7
541	6
542	5
543	1
544	4
545	1
546	6
547	9
548	2
549	9
550	5
551	5
552	4
553	5
554	9
555	9
556	2
557	6
558	2
559	5
560	7
561	6
562	2
563	7
564	7
565	3
566	1
567	8
568	8
569	3
570	7
571	6
572	2
573	4
574	8
575	4
576	9
577	3
578	4
579	1
580	3
581	6
582	6
583	8
584	7
585	3
586	3
587	7
588	6
589	4
590	2
591	3
592	3
593	6
594	9
595	9
596	2
597	6
598	2
599	2
600	9
601	2
602	4
603	5
604	8
605	3
606	7
607	2
608	5
609	2
610	3
611	8
612	9
613	8
614	3
615	3
616	9
617	8
618	4
619	1
620	6
621	5
622	3
623	1
624	1
625	4
626	1
627	5
628	2
629	2
630	9
631	2
632	4
633	7
634	4
635	2
636	8
637	9
638	8
639	7
640	3
641	4
642	2
643	2
644	5
645	1
646	1
647	6
648	2
649	1
650	7
651	2
652	9
653	8
654	2
655	9
656	7
657	4
658	2
659	2
660	9
661	7
662	5
663	1
664	7
665	1
666	3
667	2
668	2
669	2
670	9
671	7
672	1
673	5
674	2
675	7
676	8
677	9
678	5
679	6
680	9
681	7
682	4
683	7
684	2
685	1
686	3
687	5
688	5
689	4
690	8
691	7
692	6
693	6
694	6
695	4
696	7
697	1
698	2
699	4
700	7
701	4
702	2
703	2
704	3
705	2
706	4
707	1
708	6
709	5
710	9
711	1
712	7
713	5
714	1
715	5
716	7
717	7
718	4
719	8
720	7
721	8
722	4
723	5
724	5
725	5
726	2
727	1
728	4
729	8
730	4
731	5
732	9
733	1
734	7
735	3
736	3
737	8
738	8
739	1
740	4
741	5
742	9
743	7
744	9
745	9
746	1
747	4
748	2
749	4
750	4
751	3
752	6
753	4
754	6
755	2
756	4
757	9
758	4
759	1
760	2
761	6
762	3
763	1
764	8
765	4
766	6
767	6
768	6
769	8
770	3
771	7
772	7
773	5
774	6
775	9
776	2
777	1
778	2
779	9
780	7
781	8
782	1
783	1
784	7
785	5
786	5
787	3
788	4
789	5
790	1
791	2
792	8
793	1
794	6
795	7
796	8
797	3
798	4
799	4
800	7
801	1
802	6
803	4
804	1
805	1
806	8
807	7
808	2
809	7
810	2
811	8
812	7
813	5
814	1
815	7
816	1
817	2
818	1
819	7
820	3
821	4
822	7
823	3
824	8
825	5
826	5
827	2
828	9
829	8
830	7
831	4
832	6
833	8
834	7
835	8
836	4
837	1
838	6
839	9
840	2
841	6
842	8
843	6
844	7
845	8
846	7
847	6
848	7
849	8
850	3
851	5
852	9
853	5
854	8
855	1
856	6
857	2
858	4
859	8
860	1
861	2
862	2
863	3
864	4
865	3
866	2
867	7
868	1
869	8
870	9
871	4
872	8
873	7
874	9
875	7
876	1
877	4
878	6
879	9
880	4
881	2
882	6
883	3
884	3
885	3
886	6
887	2
888	3
889	7
890	4
891	3
892	8
893	1
894	6
895	7
896	1
897	3
898	9
899	9
900	3
901	9
902	8
903	2
904	7
905	7
906	8
907	4
908	7
909	3
910	6
911	2
912	8
913	8
914	4
915	5
916	5
917	3
918	4
919	9
920	2
921	3
922	2
923	6
924	9
925	3
926	9
927	1
928	2
929	5
930	3
931	5
932	7
933	6
934	3
935	8
936	4
937	9
938	5
939	7
940	5
941	7
942	1
943	6
944	4
945	3
946	4
947	1
948	8
949	5
950	2
951	4
952	5
953	6
954	1
955	5
956	1
957	2
958	6
959	5
960	6
961	9
962	4
963	1
964	7
965	4
966	5
967	7
968	6
969	7
970	7
971	9
972	9
973	7
974	3
975	7
976	5
977	9
978	2
979	1
980	3
981	4
982	3
983	7
984	1
985	5
986	9
987	4
988	5
989	5
990	4
991	1
992	9
993	3
994	5
995	4
996	8
997	2
998	1
999	9
1000	8
1001	1
1002	1
1003	6
1004	5
1005	8
1006	3
1007	8
1008	8
1009	2
1010	5
1011	3
1012	5
1013	6
1014	9
1015	6
1016	4
1017	1
1018	7
1019	4
1020	5
1021	9
1022	3
1023	4
1024	7
1025	6
1026	5
1027	7
1028	5
1029	5
1030	6
1031	5
1032	2
1033	3
1034	9
1035	9
1036	2
1037	5
1038	8
1039	8
1040	6
1041	7
1042	2
1043	3
1044	2
1045	3
1046	7
1047	6
1048	6
1049	2
1050	5
1051	7
1052	7
1053	8
1054	6
1055	8
1056	9
1057	9
1058	6
1059	8
1060	8
1061	3
1062	8
1063	5
1064	6
1065	9
1066	3
1067	8
1068	7
1069	9
1070	8
1071	2
1072	2
1073	2
1074	7
1075	4
1076	9
1077	8
1078	4
1079	9
1080	3
1081	9
1082	2
1083	2
1084	5
1085	7
1086	1
1087	7
1088	2
1089	7
1090	3
1091	5
1092	1
1093	6
1094	3
1095	8
1096	1
1097	5
1098	3
1099	6
1100	5
1101	9
1102	6
1103	5
1104	9
1105	4
1106	5
1107	6
1108	8
1109	8
1110	3
1111	7
1112	2
1113	7
1114	6
1115	5
1116	6
1117	5
1118	7
1119	1
1120	7
1121	2
1122	7
1123	8
1124	9
1125	4
1126	6
1127	7
1128	7
1129	4
1130	8
1131	7
1132	3
1133	1
1134	3
1135	8
1136	6
1137	3
1138	2
1139	5
1140	1
1141	5
1142	8
1143	6
1144	4
1145	9
1146	5
1147	6
1148	7
1149	5
1150	1
1151	2
1152	7
1153	7
1154	8
1155	3
1156	9
1157	3
1158	6
1159	8
1160	1
1161	8
1162	1
1163	7
1164	4
1165	1
1166	8
1167	9
1168	3
1169	4
1170	2
1171	4
1172	1
1173	2
1174	2
1175	3
1176	7
1177	6
1178	5
1179	7
1180	8
1181	5
1182	2
1183	4
1184	9
1185	7
1186	3
1187	5
1188	5
1189	5
1190	8
1191	8
1192	5
1193	5
1194	6
1195	9
1196	7
1197	9
1198	8
1199	8
1200	4
1201	3
1202	9
1203	8
1204	4
1205	4
1206	8
1207	9
1208	8
1209	6
1210	5
1211	9
1212	7
1213	3
1214	5
1215	4
1216	3
1217	9
1218	1
1219	9
1220	1
1221	2
1222	5
1223	8
1224	4
1225	1
1226	8
1227	9
1228	2
1229	8
1230	5
1231	2
1232	3
1233	1
1234	3
1235	2
1236	1
1237	4
1238	5
1239	5
1240	7
1241	8
1242	7
1243	4
1244	2
1245	1
1246	7
1247	6
1248	3
1249	4
1250	6
1251	9
1252	4
1253	2
1254	1
1255	1
1256	4
1257	5
1258	7
1259	3
1260	1
1261	9
1262	5
1263	1
1264	2
1265	7
1266	3
1267	9
1268	2
1269	2
1270	1
1271	9
1272	9
1273	7
1274	7
1275	6
1276	6
1277	2
1278	9
1279	9
1280	3
1281	2
1282	5
1283	8
1284	3
1285	3
1286	1
1287	5
1288	6
1289	9
1290	9
1291	7
1292	1
1293	7
1294	6
1295	2
1296	9
1297	1
1298	2
1299	8
1300	7
1301	6
1302	8
1303	3
1304	8
1305	3
1306	2
1307	1
1308	4
1309	9
1310	4
1311	3
1312	5
1313	3
1314	6
1315	3
1316	9
1317	3
1318	4
1319	1
1320	6
1321	1
1322	9
1323	2
1324	9
1325	4
1326	6
1327	3
1328	9
1329	9
1330	6
1331	6
1332	1
1333	4
1334	3
1335	4
1336	2
1337	4
1338	2
1339	5
1340	8
1341	4
1342	2
1343	5
1344	3
1345	7
1346	2
1347	6
1348	6
1349	8
1350	9
1351	5
1352	8
1353	6
1354	5
1355	3
1356	4
1357	2
1358	2
1359	8
1360	5
1361	7
1362	8
1363	8
1364	1
1365	8
1366	9
1367	4
1368	8
1369	8
1370	7
1371	9
1372	9
1373	6
1374	4
1375	6
1376	4
1377	3
1378	6
1379	9
1380	6
1381	2
1382	1
1383	8
1384	6
1385	1
1386	7
1387	3
1388	7
1389	3
1390	3
1391	8
1392	1
1393	3
1394	2
1395	9
1396	2
1397	9
1398	4
1399	2
1400	6
1401	4
COLOR_SECTION_bi
[0, 1, 1, 1, 1, 1, 8, 1, 1, 1, 8, 1, 1, 1, 8, 1, 1, 1, 1, 1, 1, 1, 8, 1, 1, 1, 1, 8, 1, 8, 1, 1, 1, 1, 1, 1, 1, 1, 8, 1, 1, 1, 1, 1, 1, 1, 1, 1, 1, 1, 1, 1, 1, 1, 1, 1, 1, 1, 1, 1, 1, 1, 1, 1, 1, 1, 1, 8, 1, 1, 1, 1, 1, 1, 1, 8, 8, 1, 1, 1, 8, 1, 1, 1, 1, 1, 1, 1, 1, 1, 1, 1, 1, 1, 8, 1, 8, 1, 1, 1, 1, 1, 1, 1, 1, 8, 1, 1, 1, 1, 1, 1, 1, 1, 1, 1, 1, 1, 1, 1, 8, 1, 1, 1, 1, 1, 8, 1, 1, 1, 1, 1, 8, 1, 1, 1, 1, 8, 1, 1, 8, 1, 1, 8, 1, 1, 1, 1, 1, 1, 1, 8, 8, 1, 1, 1, 8, 1, 8, 1, 1, 1, 1, 1, 1, 1, 8, 1, 1, 1, 8, 1, 1, 1, 8, 1, 1, 1, 1, 1, 1, 1, 8, 1, 1, 1, 1, 1, 1, 1, 1, 8, 1, 8, 1, 1, 1, 1, 1, 1, 1, 1, 8, 1, 1, 1, 8, 1, 1, 1, 1, 1, 1, 1, 1, 1, 1, 1, 1, 1, 1, 1, 1, 1, 1, 1, 1, 1, 1, 8, 1, 1, 1, 1, 1, 1, 1, 1, 1, 1, 1, 8, 1, 1, 1, 1, 1, 1, 1, 1, 1, 1, 1, 1, 1, 1, 1, 1, 1, 1, 1, 8, 1, 1, 1, 8, 1, 8, 1, 1, 8, 1, 1, 1, 1, 1, 1, 1, 1, 1, 1, 1, 1, 1, 1, 1, 1, 1, 1, 8, 1, 1, 1, 1, 1, 1, 1, 1, 1, 1, 1, 1, 1, 1, 1, 1, 1, 1, 8, 1, 1, 1, 1, 1, 1, 1, 1, 1, 1, 8, 1, 1, 1, 1, 1, 1, 1, 1, 1, 1, 1, 8, 1, 1, 8, 1, 8, 1, 1, 1, 1, 1, 1, 1, 1, 1, 1, 8, 1, 8, 1, 1, 1, 8, 8, 1, 8, 1, 1, 1, 1, 1, 1, 1, 1, 1, 1, 1, 8, 1, 1, 1, 1, 1, 1, 1, 1, 1, 1, 1, 1, 1, 1, 1, 1, 1, 1, 8, 1, 1, 8, 1, 1, 1, 8, 1, 1, 1, 1, 1, 1, 1, 1, 1, 1, 1, 1, 1, 1, 1, 1, 1, 1, 1, 1, 1, 1, 1, 1, 1, 1, 1, 1, 1, 1, 1, 1, 1, 1, 1, 1, 1, 1, 1, 1, 1, 1, 1, 1, 1, 1, 1, 1, 1, 1, 1, 8, 1, 1, 1, 1, 8, 1, 8, 1, 8, 1, 1, 1, 1, 1, 1, 1, 1, 1, 1, 8, 1, 1, 1, 1, 1, 1, 1, 1, 1, 1, 1, 1, 1, 1, 8, 1, 1, 1, 1, 1, 1, 1, 1, 1, 1, 1, 1, 1, 1, 1, 1, 1, 1, 8, 1, 1, 8, 8, 8, 1, 1, 1, 1, 1, 1, 8, 1, 1, 8, 8, 1, 1, 1, 1, 1, 1, 1, 1, 1, 1, 1, 1, 1, 1, 1, 1, 8, 1, 1, 1, 1, 1, 1, 1, 1, 1, 1, 1, 1, 8, 1, 8, 1, 1, 1, 1, 8, 8, 1, 1, 1, 1, 1, 1, 1, 1, 1, 1, 1, 1, 1, 1, 1, 1, 1, 1, 1, 1, 8, 1, 1, 1, 1, 1, 1, 1, 1, 1, 1, 1, 1, 1, 1, 1, 1, 1, 8, 8, 1, 1, 1, 1, 8, 1, 1, 1, 1, 1, 1, 1, 1, 1, 1, 1, 8, 1, 1, 1, 8, 1, 1, 1, 1, 1, 1, 1, 1, 1, 1, 1, 1, 1, 8, 1, 1, 1, 1, 1, 1, 8, 1, 1, 1, 1, 1, 1, 1, 1, 1, 1, 1, 1, 1, 1, 8, 1, 1, 8, 1, 1, 1, 1, 8, 1, 1, 1, 1, 1, 1, 1, 1, 1, 8, 1, 1, 1, 1, 1, 1, 8, 1, 1, 8, 1, 1, 1, 1, 1, 1, 1, 1, 1, 1, 1, 1, 1, 1, 1, 1, 1, 1, 1, 1, 1, 1, 1, 1, 1, 1, 1, 1, 1, 8, 1, 1, 1, 1, 1, 1, 1, 1, 1, 1, 1, 1, 1, 1, 1, 1, 1, 1, 1, 1, 1, 8, 1, 1, 1, 1, 1, 1, 1, 1, 1, 8, 1, 8, 8, 1, 1, 1, 1, 1, 1, 1, 1, 1, 1, 1, 8, 1, 1, 1, 1, 1, 1, 1, 1, 1, 1, 1, 1, 1, 1, 1, 1, 1, 8, 1, 1, 1, 8, 1, 1, 1, 1, 1, 1, 1, 1, 1, 1, 1, 1, 1, 1, 1, 1, 1, 1, 1, 1, 1, 1, 1, 1, 1, 1, 1, 1, 1, 1, 1, 1, 1, 1, 1, 1, 1, 1, 1, 1, 1, 1, 1, 1, 1, 1, 1, 1, 8, 1, 1, 1, 1, 1, 1, 1, 1, 1, 1, 8, 1, 1, 1, 1, 1, 1, 1, 1, 1, 1, 1, 1, 8, 1, 1, 1, 1, 1, 1, 1, 1, 1, 1, 1, 1, 1, 1, 1, 1, 1, 8, 1, 1, 1, 8, 1, 1, 1, 1, 8, 1, 1, 1, 1, 1, 1, 1, 1, 1, 1, 1, 1, 1, 1, 1, 1, 1, 1, 8, 8, 1, 8, 1, 1, 1, 1, 1, 1, 1, 1, 1, 1, 1, 1, 1, 1, 1, 1, 1, 8, 1, 1, 1, 1, 8, 1, 8, 1, 1, 1, 1, 1, 1, 1, 1, 1, 1, 8, 1, 1, 1, 1, 1, 1, 1, 1, 1, 1, 1, 1, 1, 1, 1, 1, 1, 1, 1, 1, 1, 1, 1, 8, 1, 1, 1, 1, 1, 1, 1, 1, 1, 8, 8, 1, 1, 1, 1, 8, 1, 1, 1, 1, 1, 1, 1, 1, 8, 1, 1, 1, 1, 1, 8, 1, 1, 1, 1, 1, 1, 8, 1, 1, 1, 1, 1, 1, 1, 1, 1, 1, 1, 1, 1, 1, 8, 1, 1, 1, 1, 1, 1, 8, 1, 1, 1, 1, 1, 1, 1, 1, 1, 1, 1, 1, 8, 8, 1, 1, 1, 1, 1, 1, 1, 1, 1, 1, 1, 1, 1, 1, 1, 1, 1, 1, 1, 1, 8, 8, 1, 1, 1, 1, 1, 1, 1, 8, 1, 1, 1, 8, 1, 1, 1, 1, 1, 1, 8, 1, 1, 8, 1, 8, 1, 1, 1, 1, 1, 1, 1, 1, 1, 1, 1, 1, 1, 1, 1, 1, 1, 1, 1, 8, 1, 1, 8, 1, 1, 1, 1, 1, 1, 1, 1, 1, 1, 1, 1, 1, 1, 1, 1, 1, 1, 1, 8, 1, 1, 1, 1, 1, 1, 1, 1, 1, 1, 1, 1, 1, 1, 1, 1, 1, 1, 1, 1, 8, 1, 1, 1, 1, 1, 1, 1, 1, 1, 1, 8, 1, 1, 1, 1, 1, 1, 1, 1, 1, 1, 8, 1, 1, 1, 1, 1, 1, 1, 1, 1, 1, 1, 1, 1, 1, 1, 1, 8, 1, 1, 1, 1, 1, 1, 1, 1, 1, 1, 8, 1, 8, 1, 1, 1, 1, 8, 1, 1, 1, 1, 8, 1, 1, 1, 8, 1, 1, 1, 1, 1, 8, 1, 8, 1, 1, 1, 1, 1, 1, 1, 8, 1, 1, 1, 1, 1, 1, 1, 1, 1, 1, 1, 1, 1, 1, 1, 1, 1, 1, 1, 1, 1, 1, 1, 8, 1, 1, 1, 1, 1, 1, 1, 1, 1, 8, 1, 1, 1, 1, 1, 8, 1, 1, 1, 8, 8, 1, 1, 1, 1, 1, 8, 8, 1, 1, 1, 1, 1, 1, 1, 1, 1, 8, 8, 1, 1, 1, 1, 1, 8, 1, 1, 1, 1, 1, 1, 1, 1, 1, 1, 1, 1, 8, 1, 1, 1, 1, 1, 1, 8, 1, 1, 1, 1, 1, 8, 1, 8, 1, 1, 1, 8, 8, 1, 1, 1, 1, 1, 1, 1, 1, 1, 1, 1, 1, 1, 1, 1, 1, 1, 1, 1, 1, 8, 1, 1, 1, 1, 1, 1, 1, 1, 1, 1, 1, 1, 1, 1, 1, 8, 1, 1, 1, 1, 8, 8, 1, 1, 1, 1, 1, 1, 8, 1, 1, 1, 1, 1, 1, 1, 1, 1, 1, 1, 1, 1, 1, 1, 8, 1, 8, 1, 1, 1, 1]
[0, 0, 0, 0, 0, 0, 1, 0, 1, 0, 1, 0, 0, 0, 1, 1, 0, 0, 0, 0, 1, 0, 1, 1, 0, 0, 1, 1, 0, 1, 0, 1, 0, 0, 0, 0, 0, 0, 1, 0, 1, 0, 1, 0, 0, 0, 0, 0, 0, 1, 0, 0, 1, 0, 0, 0, 0, 0, 0, 0, 0, 0, 0, 1, 0, 0, 0, 1, 1, 0, 0, 0, 0, 0, 0, 1, 1, 0, 0, 0, 1, 0, 0, 0, 1, 0, 0, 1, 0, 0, 1, 0, 0, 0, 1, 0, 1, 0, 1, 1, 0, 0, 0, 0, 0, 1, 0, 0, 0, 0, 0, 1, 0, 0, 0, 0, 0, 0, 0, 0, 1, 0, 1, 0, 0, 0, 1, 0, 0, 0, 0, 0, 1, 0, 0, 0, 0, 1, 0, 0, 1, 1, 0, 1, 0, 0, 0, 1, 0, 0, 0, 1, 1, 0, 0, 0, 1, 0, 1, 1, 0, 0, 0, 0, 0, 0, 1, 0, 0, 0, 1, 0, 0, 0, 1, 0, 0, 0, 0, 0, 0, 0, 1, 0, 0, 0, 0, 0, 0, 0, 0, 1, 0, 1, 0, 0, 0, 0, 0, 0, 1, 0, 1, 0, 0, 0, 1, 0, 0, 0, 0, 0, 0, 0, 1, 0, 0, 0, 0, 0, 0, 0, 0, 0, 0, 1, 0, 1, 0, 1, 1, 0, 0, 0, 0, 1, 0, 0, 0, 1, 0, 1, 0, 0, 0, 0, 0, 0, 0, 0, 0, 0, 0, 1, 0, 0, 0, 0, 0, 0, 0, 1, 0, 0, 1, 1, 0, 1, 0, 0, 1, 1, 0, 0, 0, 0, 0, 0, 0, 0, 0, 0, 0, 0, 0, 0, 0, 1, 0, 1, 0, 0, 0, 1, 0, 0, 0, 0, 0, 0, 0, 0, 0, 0, 0, 0, 0, 0, 1, 0, 0, 0, 0, 0, 0, 0, 0, 0, 0, 1, 0, 0, 0, 0, 0, 0, 1, 1, 1, 0, 0, 1, 0, 0, 1, 0, 1, 1, 0, 0, 1, 0, 0, 0, 0, 0, 0, 1, 0, 1, 1, 0, 0, 1, 1, 0, 1, 0, 0, 1, 0, 0, 1, 0, 0, 0, 0, 0, 1, 0, 0, 0, 0, 0, 0, 0, 0, 1, 0, 0, 0, 0, 1, 0, 0, 0, 0, 1, 0, 1, 1, 1, 0, 0, 1, 1, 0, 0, 0, 1, 0, 0, 1, 1, 0, 0, 0, 0, 1, 0, 0, 0, 0, 0, 0, 1, 0, 0, 0, 0, 0, 0, 0, 0, 0, 0, 0, 0, 0, 1, 0, 0, 0, 0, 0, 0, 0, 0, 0, 0, 0, 0, 0, 0, 0, 0, 1, 0, 0, 0, 0, 1, 0, 1, 0, 1, 1, 0, 0, 0, 0, 0, 1, 0, 0, 0, 1, 0, 0, 0, 1, 0, 0, 0, 0, 0, 0, 0, 0, 0, 0, 1, 0, 0, 0, 0, 1, 0, 0, 0, 1, 0, 1, 0, 0, 0, 0, 0, 0, 0, 1, 0, 0, 1, 1, 1, 0, 0, 0, 0, 1, 0, 1, 0, 0, 1, 1, 0, 1, 0, 0, 0, 0, 1, 1, 0, 0, 1, 0, 0, 1, 0, 0, 1, 0, 0, 0, 0, 1, 0, 0, 0, 0, 0, 0, 0, 1, 0, 1, 0, 0, 0, 0, 1, 1, 0, 0, 0, 0, 0, 0, 0, 0, 0, 0, 0, 1, 1, 0, 0, 0, 0, 0, 1, 0, 1, 0, 0, 0, 0, 0, 0, 1, 0, 0, 0, 0, 0, 0, 0, 0, 0, 0, 1, 1, 0, 0, 0, 0, 1, 0, 0, 0, 1, 0, 0, 0, 0, 0, 0, 1, 1, 1, 0, 0, 1, 1, 0, 0, 0, 0, 0, 0, 0, 0, 0, 0, 0, 0, 1, 0, 0, 0, 0, 0, 1, 1, 1, 0, 0, 0, 0, 0, 0, 0, 0, 0, 0, 0, 0, 0, 1, 1, 0, 1, 0, 0, 0, 0, 1, 0, 0, 0, 0, 0, 0, 0, 0, 0, 1, 0, 0, 0, 0, 0, 1, 1, 0, 0, 1, 0, 0, 0, 0, 0, 0, 0, 0, 0, 1, 0, 0, 0, 0, 0, 0, 0, 0, 0, 0, 0, 0, 0, 0, 0, 0, 0, 0, 0, 1, 0, 0, 0, 0, 0, 0, 0, 0, 1, 0, 1, 0, 0, 0, 0, 0, 0, 0, 1, 0, 0, 1, 0, 0, 0, 0, 1, 1, 0, 0, 0, 1, 0, 1, 1, 0, 0, 0, 0, 0, 0, 0, 0, 0, 0, 0, 1, 0, 0, 0, 0, 0, 0, 1, 0, 0, 0, 0, 1, 0, 0, 0, 0, 0, 1, 0, 0, 0, 1, 0, 1, 0, 0, 0, 0, 0, 0, 0, 0, 0, 0, 1, 0, 0, 0, 1, 0, 0, 0, 0, 0, 0, 0, 0, 0, 1, 0, 0, 0, 0, 1, 0, 0, 0, 0, 0, 0, 0, 0, 0, 0, 0, 0, 1, 0, 0, 0, 1, 1, 0, 0, 0, 1, 0, 1, 0, 0, 0, 1, 0, 0, 1, 0, 0, 1, 0, 0, 0, 1, 0, 0, 1, 0, 1, 0, 0, 0, 0, 1, 0, 0, 0, 0, 0, 0, 0, 0, 0, 1, 1, 0, 1, 0, 1, 0, 0, 0, 0, 1, 0, 0, 0, 0, 0, 0, 0, 0, 0, 0, 0, 0, 1, 0, 0, 0, 0, 0, 1, 1, 0, 1, 1, 0, 0, 0, 1, 0, 0, 0, 0, 0, 1, 1, 0, 0, 0, 0, 0, 1, 0, 0, 0, 0, 1, 0, 1, 0, 0, 0, 0, 0, 0, 0, 0, 1, 0, 1, 0, 0, 0, 0, 0, 0, 0, 0, 0, 0, 1, 0, 0, 0, 0, 0, 0, 0, 0, 0, 0, 0, 0, 1, 0, 0, 0, 0, 0, 0, 0, 0, 0, 1, 1, 0, 0, 0, 0, 1, 0, 0, 0, 0, 0, 0, 0, 0, 1, 0, 0, 0, 0, 0, 1, 0, 0, 0, 1, 0, 0, 1, 1, 0, 0, 0, 0, 1, 0, 1, 1, 0, 0, 0, 0, 0, 1, 0, 0, 0, 0, 0, 0, 1, 0, 0, 0, 0, 0, 0, 0, 0, 0, 0, 0, 0, 1, 1, 0, 0, 1, 1, 0, 0, 0, 0, 0, 0, 0, 0, 0, 0, 0, 0, 0, 1, 0, 1, 1, 1, 0, 1, 1, 0, 1, 0, 0, 1, 0, 1, 0, 1, 1, 0, 0, 0, 0, 0, 1, 1, 0, 1, 0, 1, 0, 0, 0, 0, 0, 0, 0, 0, 0, 0, 0, 0, 0, 1, 0, 0, 0, 0, 0, 1, 0, 0, 1, 0, 0, 0, 1, 1, 0, 0, 0, 0, 0, 0, 0, 0, 0, 0, 0, 0, 0, 1, 1, 0, 0, 0, 0, 0, 1, 0, 0, 0, 0, 1, 0, 0, 0, 0, 0, 0, 1, 0, 0, 1, 0, 0, 0, 0, 0, 0, 0, 0, 1, 0, 1, 0, 0, 1, 0, 1, 0, 0, 0, 0, 1, 1, 0, 0, 0, 0, 0, 0, 0, 0, 0, 0, 0, 0, 1, 0, 0, 0, 1, 0, 0, 0, 0, 0, 1, 1, 0, 0, 0, 1, 0, 1, 1, 1, 0, 0, 1, 1, 0, 0, 1, 1, 1, 0, 0, 1, 0, 0, 0, 0, 0, 1, 0, 1, 0, 0, 0, 1, 0, 0, 1, 1, 0, 1, 0, 0, 0, 0, 0, 0, 0, 0, 0, 0, 0, 1, 0, 0, 0, 0, 0, 0, 0, 0, 0, 1, 0, 0, 0, 0, 0, 0, 0, 0, 0, 1, 0, 0, 0, 0, 0, 1, 0, 0, 0, 1, 1, 0, 0, 0, 0, 0, 1, 1, 0, 0, 0, 1, 0, 0, 0, 0, 0, 1, 1, 0, 0, 0, 0, 0, 1, 0, 0, 1, 0, 0, 1, 0, 1, 0, 0, 0, 0, 1, 0, 0, 0, 0, 0, 0, 1, 0, 0, 0, 0, 0, 1, 0, 1, 0, 0, 0, 1, 1, 0, 0, 0, 0, 0, 0, 0, 0, 0, 0, 1, 0, 0, 0, 0, 0, 0, 0, 0, 1, 1, 0, 1, 0, 0, 0, 0, 0, 0, 1, 0, 0, 1, 1, 0, 1, 1, 0, 1, 1, 0, 1, 1, 0, 0, 0, 0, 0, 0, 1, 0, 0, 0, 1, 0, 0, 0, 0, 0, 0, 0, 1, 0, 0, 0, 1, 0, 1, 0, 0, 0, 0]
[0, 0, 1, 0, 0, 0, 1, 0, 0, 0, 1, 0, 0, 1, 1, 0, 0, 0, 0, 0, 0, 1, 1, 0, 0, 0, 0, 1, 0, 1, 0, 0, 0, 0, 0, 0, 0, 0, 1, 0, 0, 1, 0, 1, 0, 0, 0, 1, 0, 0, 1, 1, 0, 0, 0, 0, 0, 0, 0, 0, 1, 1, 1, 0, 0, 1, 0, 1, 0, 1, 0, 0, 0, 0, 1, 1, 1, 0, 0, 0, 1, 1, 0, 0, 0, 0, 0, 0, 0, 0, 0, 0, 0, 1, 1, 0, 1, 0, 0, 0, 0, 0, 0, 0, 0, 1, 1, 0, 0, 0, 0, 0, 0, 0, 0, 0, 1, 0, 1, 0, 1, 0, 0, 0, 0, 0, 1, 0, 0, 0, 0, 0, 1, 0, 0, 0, 0, 1, 0, 0, 1, 0, 0, 1, 0, 0, 0, 0, 0, 0, 0, 1, 1, 0, 0, 1, 1, 0, 1, 0, 0, 0, 0, 0, 0, 0, 1, 1, 0, 0, 1, 0, 0, 0, 1, 0, 0, 0, 0, 0, 0, 0, 1, 0, 0, 0, 0, 0, 0, 0, 0, 1, 0, 1, 0, 0, 0, 0, 0, 0, 0, 0, 1, 0, 0, 0, 1, 0, 1, 0, 1, 0, 0, 0, 0, 0, 0, 0, 0, 0, 0, 0, 0, 0, 0, 0, 0, 0, 1, 1, 0, 0, 0, 0, 0, 0, 0, 0, 0, 0, 0, 1, 1, 0, 1, 0, 0, 0, 0, 1, 0, 0, 0, 0, 0, 0, 0, 0, 0, 0, 0, 1, 0, 0, 0, 1, 0, 1, 0, 0, 1, 0, 0, 0, 0, 1, 0, 0, 0, 1, 1, 0, 0, 0, 0, 0, 0, 0, 0, 1, 0, 0, 0, 0, 0, 0, 0, 1, 1, 0, 0, 0, 0, 0, 0, 0, 0, 0, 1, 0, 0, 1, 0, 0, 0, 0, 0, 0, 0, 1, 0, 1, 0, 0, 0, 1, 0, 0, 0, 0, 0, 1, 0, 0, 1, 0, 1, 0, 0, 0, 0, 0, 1, 0, 0, 0, 1, 1, 0, 1, 0, 0, 0, 1, 1, 0, 1, 0, 0, 0, 0, 0, 0, 0, 0, 1, 0, 0, 1, 0, 0, 1, 1, 0, 0, 1, 0, 0, 0, 0, 1, 0, 0, 0, 0, 0, 0, 1, 0, 0, 1, 0, 0, 0, 1, 0, 0, 0, 0, 0, 0, 1, 0, 0, 0, 0, 0, 0, 0, 0, 0, 0, 0, 0, 0, 0, 1, 0, 0, 0, 0, 0, 0, 0, 0, 0, 0, 0, 1, 0, 1, 0, 0, 0, 0, 0, 0, 0, 0, 0, 0, 0, 0, 0, 0, 0, 1, 1, 0, 0, 0, 1, 1, 1, 0, 1, 0, 0, 0, 0, 0, 0, 0, 0, 0, 0, 1, 0, 1, 0, 0, 0, 0, 0, 0, 1, 0, 0, 0, 1, 1, 1, 0, 0, 0, 0, 0, 0, 0, 0, 0, 0, 0, 0, 0, 0, 0, 1, 0, 0, 1, 0, 0, 1, 1, 1, 0, 0, 1, 0, 0, 0, 1, 1, 0, 1, 1, 0, 0, 0, 0, 0, 0, 0, 0, 0, 0, 0, 0, 0, 0, 0, 0, 1, 0, 0, 0, 0, 0, 1, 0, 0, 0, 0, 0, 0, 1, 0, 1, 0, 0, 0, 0, 1, 1, 0, 0, 0, 0, 1, 0, 0, 1, 1, 0, 0, 0, 0, 0, 1, 0, 0, 0, 0, 0, 1, 0, 0, 0, 0, 0, 0, 0, 1, 0, 0, 1, 0, 0, 0, 0, 0, 0, 1, 1, 0, 0, 0, 0, 1, 0, 0, 0, 0, 0, 1, 0, 0, 0, 0, 0, 1, 0, 0, 0, 1, 0, 0, 0, 0, 0, 0, 0, 0, 0, 0, 0, 0, 0, 1, 0, 0, 1, 0, 0, 0, 1, 0, 1, 0, 0, 0, 0, 0, 0, 0, 0, 0, 0, 1, 0, 1, 0, 0, 1, 1, 0, 0, 0, 1, 1, 0, 0, 1, 0, 0, 0, 0, 0, 1, 1, 0, 0, 0, 1, 0, 1, 0, 0, 1, 1, 0, 1, 0, 0, 0, 0, 0, 0, 0, 1, 0, 0, 0, 0, 1, 0, 0, 0, 1, 0, 0, 0, 0, 0, 0, 0, 0, 0, 1, 0, 1, 0, 0, 0, 1, 1, 0, 0, 1, 0, 0, 0, 0, 0, 0, 0, 0, 0, 0, 0, 1, 0, 1, 0, 0, 0, 0, 0, 0, 0, 1, 1, 1, 1, 0, 0, 0, 0, 0, 0, 0, 0, 0, 0, 0, 1, 0, 0, 0, 0, 0, 0, 0, 0, 0, 0, 0, 0, 0, 1, 1, 0, 0, 1, 0, 0, 0, 1, 1, 0, 0, 0, 1, 0, 0, 0, 0, 0, 0, 0, 0, 0, 0, 1, 0, 0, 0, 0, 1, 0, 0, 0, 0, 0, 0, 1, 0, 1, 0, 0, 1, 0, 0, 1, 0, 0, 0, 1, 0, 0, 1, 0, 0, 0, 0, 0, 1, 0, 1, 0, 0, 0, 1, 0, 0, 0, 0, 1, 0, 0, 0, 0, 1, 0, 1, 0, 1, 0, 0, 0, 1, 0, 0, 0, 0, 0, 0, 0, 0, 0, 0, 0, 0, 0, 0, 1, 0, 0, 1, 0, 0, 1, 1, 1, 0, 0, 0, 1, 0, 0, 0, 0, 0, 0, 0, 0, 0, 1, 0, 0, 0, 0, 0, 1, 0, 0, 1, 1, 0, 1, 0, 0, 1, 1, 0, 0, 1, 0, 0, 0, 0, 0, 0, 0, 0, 0, 0, 1, 0, 0, 0, 0, 1, 0, 1, 0, 0, 0, 0, 0, 1, 0, 0, 0, 0, 1, 0, 1, 0, 1, 0, 0, 0, 0, 0, 0, 0, 0, 0, 0, 0, 0, 0, 0, 0, 0, 0, 0, 0, 1, 0, 0, 1, 0, 0, 1, 0, 1, 1, 1, 1, 1, 0, 1, 0, 1, 0, 0, 0, 0, 0, 1, 0, 0, 1, 0, 0, 0, 0, 0, 1, 0, 0, 0, 0, 0, 0, 1, 0, 0, 0, 0, 0, 0, 0, 0, 0, 0, 0, 0, 0, 0, 1, 0, 0, 0, 1, 0, 0, 1, 0, 0, 1, 0, 0, 1, 0, 0, 0, 0, 0, 0, 1, 1, 0, 0, 0, 0, 0, 1, 0, 0, 0, 0, 1, 0, 0, 0, 0, 1, 1, 0, 0, 0, 1, 1, 0, 0, 0, 0, 0, 0, 0, 1, 0, 0, 1, 1, 0, 0, 0, 0, 1, 0, 1, 0, 0, 1, 0, 1, 0, 0, 0, 1, 0, 1, 0, 1, 0, 0, 0, 0, 0, 0, 0, 0, 0, 0, 0, 1, 0, 0, 1, 0, 0, 0, 0, 0, 0, 1, 0, 1, 0, 0, 0, 0, 1, 0, 1, 0, 1, 0, 1, 0, 0, 1, 1, 0, 0, 1, 0, 0, 0, 0, 0, 0, 0, 0, 0, 0, 0, 0, 0, 1, 0, 0, 1, 0, 0, 0, 1, 1, 0, 0, 1, 0, 0, 0, 0, 0, 0, 1, 0, 0, 0, 1, 0, 0, 0, 0, 0, 0, 0, 0, 1, 0, 0, 1, 0, 0, 0, 0, 1, 1, 0, 0, 0, 0, 0, 0, 0, 0, 0, 1, 1, 1, 0, 0, 0, 0, 1, 0, 0, 0, 0, 1, 0, 0, 0, 1, 1, 0, 0, 0, 0, 1, 0, 1, 0, 0, 0, 0, 0, 0, 0, 1, 0, 0, 0, 0, 0, 0, 0, 0, 0, 0, 0, 0, 1, 0, 1, 0, 0, 0, 1, 0, 0, 0, 0, 1, 0, 0, 0, 0, 0, 0, 1, 0, 0, 1, 0, 0, 0, 1, 0, 1, 0, 0, 0, 1, 1, 1, 1, 0, 0, 0, 1, 1, 0, 0, 0, 0, 0, 0, 0, 0, 0, 1, 1, 1, 0, 1, 0, 0, 1, 0, 0, 0, 1, 0, 0, 0, 0, 0, 0, 0, 0, 1, 0, 0, 0, 0, 0, 0, 1, 0, 0, 0, 0, 0, 1, 0, 1, 0, 0, 0, 1, 1, 0, 0, 0, 0, 0, 0, 0, 0, 0, 0, 0, 0, 0, 0, 0, 1, 0, 0, 0, 0, 1, 0, 0, 0, 0, 0, 0, 0, 0, 0, 0, 1, 0, 0, 0, 0, 1, 0, 0, 0, 1, 1, 1, 0, 0, 0, 0, 0, 0, 1, 0, 0, 0, 0, 0, 0, 1, 0, 1, 0, 0, 0, 0, 0, 0, 1, 0, 1, 0, 0, 0, 0]
[0, 0, 0, 0, 0, 1, 1, 0, 0, 0, 1, 0, 0, 0, 1, 0, 1, 0, 0, 0, 0, 0, 1, 0, 0, 0, 0, 1, 0, 1, 0, 0, 1, 1, 0, 0, 0, 0, 1, 0, 0, 0, 0, 0, 0, 0, 0, 0, 0, 0, 0, 0, 0, 0, 0, 0, 0, 0, 0, 0, 0, 0, 0, 0, 0, 0, 0, 1, 0, 0, 0, 0, 0, 0, 0, 1, 1, 0, 0, 1, 1, 0, 0, 0, 0, 0, 0, 0, 0, 1, 0, 0, 0, 0, 1, 0, 1, 0, 0, 0, 0, 0, 0, 0, 0, 1, 0, 0, 0, 0, 0, 0, 0, 0, 0, 0, 0, 0, 0, 0, 1, 0, 0, 0, 0, 0, 1, 1, 0, 0, 0, 1, 1, 0, 0, 0, 0, 1, 0, 0, 1, 0, 0, 1, 0, 0, 1, 0, 0, 0, 0, 1, 1, 0, 0, 0, 1, 0, 1, 0, 0, 0, 0, 0, 0, 0, 1, 0, 0, 0, 1, 0, 0, 0, 1, 0, 0, 0, 0, 0, 0, 0, 1, 0, 1, 0, 0, 0, 0, 1, 0, 1, 0, 1, 1, 0, 1, 0, 0, 0, 0, 0, 1, 0, 0, 0, 1, 0, 0, 0, 0, 0, 0, 0, 0, 1, 1, 0, 0, 0, 0, 0, 0, 1, 0, 0, 0, 0, 0, 1, 0, 0, 0, 1, 0, 0, 0, 0, 0, 0, 0, 1, 0, 0, 0, 0, 0, 0, 1, 0, 0, 0, 0, 0, 0, 0, 0, 0, 0, 0, 0, 1, 1, 0, 0, 1, 0, 1, 0, 0, 1, 0, 0, 0, 0, 0, 0, 0, 0, 0, 0, 0, 0, 1, 0, 0, 0, 0, 0, 1, 0, 0, 0, 0, 1, 0, 0, 0, 0, 1, 0, 0, 0, 0, 0, 0, 0, 0, 1, 1, 1, 0, 0, 0, 0, 0, 0, 1, 0, 1, 0, 0, 0, 1, 0, 0, 0, 0, 0, 0, 0, 1, 0, 0, 1, 0, 1, 0, 0, 0, 0, 1, 0, 0, 0, 0, 0, 1, 0, 1, 0, 0, 0, 1, 1, 0, 1, 1, 1, 0, 0, 1, 0, 0, 1, 0, 0, 0, 1, 0, 1, 0, 0, 0, 0, 0, 0, 0, 0, 0, 0, 0, 0, 0, 1, 0, 0, 1, 0, 0, 1, 0, 1, 1, 1, 0, 0, 0, 1, 0, 0, 0, 0, 0, 1, 0, 0, 1, 0, 0, 0, 0, 0, 0, 0, 0, 0, 0, 1, 0, 1, 0, 0, 0, 0, 0, 0, 0, 0, 0, 0, 0, 1, 0, 0, 0, 0, 0, 0, 0, 0, 1, 1, 0, 0, 0, 1, 0, 0, 0, 0, 1, 0, 1, 0, 1, 0, 0, 0, 0, 0, 1, 0, 1, 0, 1, 1, 0, 0, 0, 0, 0, 0, 0, 0, 0, 1, 1, 0, 0, 0, 1, 0, 0, 1, 0, 0, 0, 0, 1, 0, 0, 0, 0, 0, 1, 1, 0, 1, 0, 1, 0, 0, 1, 1, 1, 0, 0, 0, 0, 0, 0, 1, 0, 1, 1, 1, 0, 0, 0, 0, 0, 0, 0, 0, 0, 0, 0, 1, 0, 0, 0, 0, 1, 0, 1, 1, 0, 0, 0, 1, 0, 0, 0, 0, 1, 1, 0, 1, 0, 0, 0, 0, 1, 1, 0, 1, 0, 0, 0, 1, 0, 0, 0, 0, 0, 0, 0, 0, 0, 1, 0, 0, 0, 0, 1, 0, 0, 0, 0, 1, 1, 0, 0, 0, 0, 0, 1, 0, 0, 0, 0, 1, 1, 1, 0, 1, 0, 0, 1, 0, 0, 0, 0, 0, 0, 0, 0, 0, 0, 0, 1, 0, 0, 0, 1, 0, 0, 0, 1, 0, 0, 0, 0, 0, 0, 0, 0, 0, 1, 0, 0, 0, 0, 0, 0, 1, 0, 0, 0, 0, 0, 0, 0, 0, 0, 1, 0, 0, 0, 0, 1, 0, 0, 1, 0, 0, 0, 0, 1, 0, 0, 0, 0, 0, 0, 0, 0, 0, 1, 0, 0, 0, 0, 0, 0, 1, 0, 1, 1, 0, 0, 0, 0, 0, 0, 0, 0, 0, 0, 0, 1, 1, 1, 0, 0, 0, 0, 0, 0, 0, 0, 0, 0, 0, 0, 0, 1, 0, 1, 0, 0, 0, 0, 0, 0, 0, 0, 0, 0, 0, 0, 0, 0, 0, 0, 0, 0, 0, 0, 0, 1, 0, 0, 0, 0, 0, 0, 0, 0, 0, 1, 0, 1, 1, 0, 0, 0, 0, 0, 0, 1, 0, 1, 0, 0, 1, 0, 0, 0, 1, 0, 0, 0, 0, 1, 1, 1, 0, 0, 0, 0, 0, 1, 1, 0, 0, 0, 1, 0, 0, 0, 0, 0, 0, 0, 0, 0, 0, 0, 0, 0, 0, 1, 0, 0, 0, 0, 0, 0, 0, 1, 0, 0, 0, 0, 0, 0, 0, 0, 0, 0, 0, 0, 0, 0, 0, 0, 0, 0, 0, 0, 0, 0, 0, 0, 0, 1, 0, 0, 0, 1, 0, 0, 0, 0, 0, 1, 1, 0, 1, 0, 1, 0, 0, 0, 1, 0, 0, 0, 0, 1, 0, 0, 0, 1, 0, 0, 0, 0, 0, 0, 0, 0, 0, 0, 0, 0, 0, 1, 0, 0, 0, 1, 0, 0, 0, 1, 1, 0, 0, 1, 0, 0, 0, 1, 0, 0, 0, 0, 0, 0, 0, 1, 0, 0, 0, 1, 1, 0, 1, 0, 0, 0, 0, 0, 0, 0, 0, 1, 0, 0, 0, 0, 0, 0, 0, 0, 1, 0, 0, 0, 1, 1, 0, 1, 0, 0, 0, 0, 0, 0, 1, 0, 0, 0, 1, 0, 0, 0, 0, 0, 1, 0, 0, 0, 0, 0, 0, 0, 0, 0, 1, 0, 0, 0, 0, 1, 0, 1, 1, 0, 0, 0, 0, 0, 0, 1, 0, 0, 1, 1, 0, 0, 0, 0, 1, 0, 0, 0, 0, 0, 0, 0, 0, 1, 0, 0, 0, 0, 0, 1, 0, 0, 0, 0, 0, 0, 1, 0, 0, 0, 1, 0, 0, 0, 0, 0, 0, 0, 0, 0, 1, 1, 1, 0, 0, 0, 0, 0, 1, 0, 0, 0, 1, 0, 0, 0, 0, 1, 0, 0, 0, 1, 1, 0, 0, 0, 0, 1, 0, 0, 0, 0, 0, 0, 1, 1, 0, 0, 0, 0, 0, 1, 0, 1, 1, 1, 0, 0, 0, 0, 0, 1, 1, 0, 0, 0, 1, 0, 0, 0, 0, 0, 0, 1, 0, 0, 1, 0, 1, 0, 0, 0, 0, 0, 0, 0, 0, 0, 0, 0, 1, 0, 0, 0, 0, 0, 1, 0, 1, 1, 0, 1, 0, 0, 1, 0, 0, 0, 0, 0, 0, 1, 0, 1, 0, 0, 0, 0, 0, 0, 0, 1, 0, 1, 0, 0, 0, 0, 0, 0, 0, 0, 0, 1, 0, 0, 0, 0, 0, 0, 1, 0, 1, 0, 1, 0, 0, 0, 0, 0, 0, 0, 0, 1, 0, 1, 0, 0, 0, 0, 0, 0, 0, 0, 1, 0, 0, 0, 0, 0, 0, 0, 0, 0, 1, 0, 0, 0, 0, 0, 0, 1, 0, 0, 0, 0, 0, 0, 0, 0, 0, 1, 1, 0, 1, 0, 0, 0, 0, 1, 0, 0, 0, 0, 1, 0, 1, 0, 1, 0, 0, 0, 0, 0, 1, 0, 1, 0, 0, 0, 0, 0, 0, 0, 1, 0, 0, 0, 0, 0, 0, 0, 0, 0, 0, 0, 0, 0, 0, 0, 0, 0, 0, 0, 1, 0, 0, 1, 1, 0, 0, 0, 0, 0, 0, 0, 0, 0, 1, 0, 0, 0, 0, 0, 1, 0, 0, 0, 1, 1, 0, 0, 1, 1, 0, 1, 1, 0, 0, 0, 0, 0, 0, 0, 0, 1, 1, 1, 0, 0, 0, 1, 0, 1, 0, 0, 0, 0, 1, 0, 0, 0, 0, 0, 0, 0, 1, 0, 0, 0, 0, 1, 0, 1, 0, 0, 0, 1, 0, 1, 0, 1, 0, 1, 0, 1, 1, 1, 1, 0, 0, 0, 0, 0, 0, 0, 0, 0, 0, 0, 0, 0, 0, 0, 1, 1, 0, 1, 0, 0, 1, 0, 0, 0, 0, 0, 0, 0, 0, 0, 0, 0, 0, 1, 0, 0, 0, 0, 1, 1, 1, 0, 1, 0, 0, 1, 1, 1, 0, 0, 0, 1, 0, 0, 0, 0, 0, 0, 0, 0, 0, 0, 1, 0, 1, 0, 0, 1, 0]
[0, 0, 0, 1, 0, 0, 1, 0, 0, 0, 1, 1, 1, 0, 1, 0, 0, 0, 0, 0, 0, 0, 1, 0, 1, 0, 0, 1, 0, 1, 0, 0, 0, 0, 0, 0, 0, 0, 1, 0, 0, 0, 0, 0, 0, 0, 0, 0, 0, 0, 0, 0, 0, 0, 0, 0, 0, 0, 1, 0, 0, 0, 0, 0, 0, 0, 0, 1, 0, 0, 0, 0, 0, 0, 0, 1, 1, 1, 0, 0, 1, 0, 0, 0, 0, 1, 0, 0, 0, 0, 0, 0, 0, 0, 1, 1, 1, 0, 0, 0, 0, 0, 0, 0, 0, 1, 0, 0, 0, 0, 0, 0, 0, 0, 0, 1, 0, 0, 0, 0, 1, 0, 0, 0, 0, 0, 1, 0, 1, 1, 0, 0, 1, 0, 1, 0, 0, 1, 0, 0, 1, 0, 0, 1, 1, 0, 0, 0, 1, 1, 0, 1, 1, 0, 0, 0, 1, 0, 1, 0, 0, 0, 1, 0, 0, 0, 1, 0, 0, 1, 1, 1, 0, 0, 1, 1, 1, 1, 1, 0, 0, 0, 1, 0, 0, 0, 0, 1, 0, 0, 0, 1, 1, 1, 0, 0, 0, 1, 1, 0, 0, 1, 1, 0, 0, 0, 1, 0, 0, 0, 0, 0, 1, 0, 0, 0, 0, 1, 0, 0, 0, 0, 0, 0, 0, 0, 0, 0, 0, 1, 0, 0, 0, 0, 1, 0, 0, 0, 0, 0, 0, 1, 0, 1, 0, 0, 1, 0, 0, 0, 0, 0, 0, 0, 0, 0, 0, 0, 0, 1, 1, 1, 0, 0, 0, 1, 0, 1, 0, 0, 1, 0, 0, 0, 1, 0, 0, 0, 1, 0, 0, 1, 0, 0, 0, 0, 0, 0, 0, 1, 1, 0, 0, 0, 0, 0, 1, 0, 0, 0, 0, 0, 0, 0, 1, 1, 0, 0, 1, 0, 0, 0, 1, 0, 0, 0, 0, 0, 0, 1, 1, 0, 0, 0, 0, 0, 0, 0, 0, 0, 0, 1, 1, 1, 1, 1, 1, 0, 0, 1, 0, 0, 0, 1, 0, 0, 0, 1, 1, 1, 0, 1, 0, 1, 1, 0, 1, 0, 0, 0, 0, 0, 0, 0, 0, 0, 0, 1, 1, 1, 0, 0, 0, 0, 0, 0, 0, 0, 1, 1, 0, 0, 0, 0, 0, 0, 1, 1, 1, 0, 1, 0, 0, 0, 1, 0, 0, 1, 0, 0, 1, 0, 0, 0, 0, 0, 0, 0, 0, 0, 1, 0, 0, 0, 0, 0, 0, 0, 0, 0, 0, 0, 1, 1, 0, 1, 0, 0, 0, 0, 0, 0, 0, 0, 0, 0, 0, 0, 0, 1, 0, 0, 0, 0, 0, 0, 1, 0, 0, 0, 1, 1, 0, 1, 1, 1, 0, 0, 1, 1, 0, 0, 0, 0, 1, 0, 1, 1, 0, 0, 0, 0, 0, 0, 0, 0, 0, 0, 0, 0, 0, 1, 1, 1, 0, 0, 0, 0, 0, 0, 0, 0, 0, 0, 0, 0, 0, 0, 0, 0, 1, 0, 0, 1, 1, 1, 0, 0, 0, 0, 0, 0, 1, 0, 0, 1, 1, 1, 0, 0, 0, 1, 0, 0, 0, 0, 0, 0, 0, 0, 0, 0, 0, 1, 0, 0, 0, 0, 0, 0, 0, 1, 0, 0, 0, 0, 1, 0, 1, 1, 1, 0, 1, 1, 1, 0, 0, 0, 1, 0, 0, 0, 0, 0, 0, 0, 0, 0, 0, 0, 0, 0, 0, 0, 0, 1, 0, 0, 0, 0, 0, 0, 0, 0, 0, 0, 0, 0, 0, 0, 0, 0, 0, 1, 1, 0, 0, 0, 0, 1, 0, 0, 1, 0, 0, 0, 0, 1, 0, 0, 0, 1, 0, 0, 0, 1, 0, 0, 0, 0, 1, 0, 0, 0, 0, 0, 1, 0, 0, 1, 0, 0, 0, 0, 0, 0, 1, 0, 0, 0, 0, 0, 0, 1, 0, 0, 0, 0, 0, 0, 0, 1, 0, 0, 1, 0, 0, 0, 0, 1, 0, 1, 0, 0, 0, 0, 0, 0, 0, 1, 0, 0, 1, 0, 0, 0, 1, 1, 0, 1, 0, 0, 0, 0, 0, 0, 1, 1, 0, 0, 0, 0, 0, 0, 0, 0, 0, 0, 0, 0, 0, 0, 0, 0, 0, 0, 0, 0, 1, 1, 0, 0, 1, 0, 1, 0, 0, 0, 0, 0, 0, 0, 1, 1, 1, 0, 0, 0, 0, 0, 1, 1, 0, 0, 0, 0, 0, 0, 0, 0, 1, 1, 0, 1, 1, 0, 0, 0, 0, 0, 0, 0, 0, 0, 0, 0, 1, 0, 0, 0, 0, 0, 0, 0, 0, 0, 0, 0, 0, 0, 0, 0, 1, 0, 1, 0, 0, 0, 1, 0, 0, 0, 0, 0, 1, 1, 0, 0, 1, 0, 0, 0, 0, 0, 0, 0, 0, 0, 0, 0, 0, 0, 0, 0, 0, 0, 0, 0, 0, 0, 0, 0, 1, 0, 0, 0, 0, 0, 0, 0, 0, 0, 0, 0, 1, 1, 0, 1, 0, 0, 0, 0, 0, 0, 0, 0, 0, 0, 1, 0, 0, 0, 0, 0, 0, 0, 0, 0, 0, 0, 1, 1, 1, 0, 0, 0, 0, 0, 0, 0, 0, 0, 0, 0, 0, 0, 0, 0, 0, 1, 0, 0, 0, 1, 0, 0, 0, 0, 1, 0, 0, 0, 0, 0, 0, 0, 0, 0, 0, 0, 0, 0, 0, 0, 0, 0, 0, 1, 1, 0, 1, 0, 0, 0, 0, 0, 0, 0, 0, 0, 0, 0, 0, 0, 1, 1, 0, 0, 1, 0, 0, 0, 0, 1, 0, 1, 0, 0, 1, 0, 1, 0, 0, 0, 0, 0, 1, 1, 0, 1, 0, 0, 0, 0, 0, 0, 0, 0, 1, 0, 0, 1, 0, 0, 1, 0, 0, 0, 1, 0, 1, 0, 0, 0, 0, 1, 0, 0, 0, 0, 1, 1, 0, 0, 0, 1, 1, 0, 0, 0, 0, 0, 0, 0, 1, 1, 0, 1, 1, 0, 0, 1, 0, 1, 0, 0, 0, 0, 1, 0, 0, 0, 0, 1, 0, 0, 0, 0, 0, 1, 0, 1, 0, 1, 0, 0, 0, 0, 0, 1, 1, 0, 0, 0, 0, 1, 0, 1, 1, 0, 1, 0, 0, 1, 1, 0, 1, 0, 0, 0, 0, 0, 0, 0, 0, 0, 0, 0, 0, 1, 0, 0, 0, 0, 0, 1, 1, 0, 0, 0, 0, 0, 1, 0, 1, 0, 0, 0, 1, 0, 0, 0, 0, 0, 0, 1, 0, 0, 1, 0, 1, 0, 0, 1, 0, 0, 0, 0, 0, 0, 1, 0, 0, 0, 0, 0, 1, 0, 0, 1, 1, 0, 1, 1, 0, 1, 0, 0, 0, 0, 0, 0, 0, 0, 1, 0, 1, 0, 0, 0, 0, 0, 0, 1, 0, 0, 0, 0, 0, 0, 0, 0, 0, 0, 0, 0, 0, 0, 1, 0, 1, 0, 0, 0, 1, 1, 0, 0, 1, 0, 0, 0, 0, 0, 0, 1, 0, 0, 0, 0, 0, 0, 0, 0, 0, 0, 1, 0, 0, 0, 0, 0, 0, 0, 0, 0, 0, 1, 0, 0, 1, 0, 0, 1, 0, 0, 1, 1, 1, 0, 0, 1, 1, 0, 1, 0, 1, 0, 0, 0, 0, 1, 0, 0, 0, 0, 1, 0, 0, 1, 1, 0, 0, 1, 0, 0, 1, 0, 1, 0, 0, 1, 0, 0, 0, 0, 1, 0, 0, 1, 0, 0, 0, 0, 0, 0, 0, 1, 1, 0, 0, 0, 0, 0, 0, 0, 0, 0, 0, 0, 1, 0, 0, 0, 0, 0, 1, 0, 0, 0, 1, 1, 0, 0, 0, 0, 1, 0, 0, 0, 1, 1, 0, 0, 0, 0, 0, 1, 1, 0, 0, 1, 0, 0, 0, 0, 1, 0, 1, 1, 0, 0, 0, 0, 0, 1, 0, 0, 0, 0, 0, 0, 0, 0, 0, 0, 0, 0, 1, 0, 0, 1, 0, 0, 0, 1, 0, 0, 0, 0, 0, 1, 0, 1, 0, 0, 0, 1, 1, 0, 0, 0, 0, 0, 0, 0, 0, 0, 1, 0, 0, 0, 1, 0, 0, 0, 0, 0, 0, 1, 1, 0, 0, 1, 0, 0, 0, 0, 0, 1, 0, 0, 0, 0, 0, 1, 0, 0, 0, 0, 1, 1, 0, 0, 0, 0, 0, 0, 1, 0, 0, 0, 0, 0, 0, 0, 0, 0, 0, 0, 0, 0, 0, 0, 1, 0, 1, 0, 0, 0, 0]
[0, 1, 0, 0, 0, 0, 1, 0, 0, 0, 1, 0, 0, 0, 1, 0, 0, 0, 0, 1, 0, 0, 1, 0, 0, 1, 0, 1, 0, 1, 1, 0, 0, 0, 0, 0, 1, 0, 1, 0, 0, 0, 0, 0, 0, 0, 0, 0, 0, 0, 0, 0, 0, 0, 0, 0, 1, 0, 0, 0, 0, 0, 0, 0, 0, 0, 0, 1, 0, 0, 0, 0, 0, 0, 0, 1, 1, 0, 1, 0, 1, 0, 0, 0, 0, 0, 0, 0, 1, 0, 0, 0, 0, 0, 1, 0, 1, 0, 0, 0, 0, 0, 0, 0, 1, 1, 0, 0, 0, 0, 0, 0, 1, 0, 1, 0, 0, 0, 0, 0, 1, 0, 0, 1, 1, 0, 1, 0, 0, 0, 1, 0, 1, 0, 0, 0, 0, 1, 0, 0, 1, 0, 0, 1, 0, 0, 0, 0, 0, 0, 1, 1, 1, 0, 0, 0, 1, 0, 1, 0, 0, 0, 0, 1, 0, 1, 1, 0, 0, 0, 1, 0, 1, 1, 1, 0, 0, 0, 0, 1, 0, 0, 1, 0, 0, 0, 0, 0, 0, 0, 0, 1, 0, 1, 0, 0, 0, 0, 0, 1, 0, 0, 1, 1, 0, 0, 1, 0, 0, 0, 0, 0, 0, 0, 0, 0, 0, 0, 0, 1, 1, 1, 1, 0, 0, 0, 0, 0, 0, 1, 0, 1, 0, 0, 0, 0, 0, 0, 0, 0, 0, 1, 0, 0, 0, 0, 0, 0, 0, 0, 0, 1, 0, 0, 0, 1, 1, 0, 0, 0, 0, 1, 0, 0, 0, 1, 0, 1, 1, 1, 1, 0, 0, 0, 0, 0, 0, 0, 0, 0, 0, 0, 1, 0, 0, 1, 1, 0, 0, 1, 0, 0, 1, 0, 0, 1, 0, 0, 0, 0, 0, 0, 0, 1, 0, 0, 0, 0, 1, 0, 0, 0, 0, 0, 0, 0, 1, 0, 1, 1, 0, 0, 0, 0, 0, 0, 0, 0, 0, 0, 0, 1, 0, 0, 1, 0, 1, 0, 0, 0, 0, 0, 0, 0, 0, 0, 0, 1, 0, 1, 0, 0, 1, 1, 1, 1, 1, 0, 0, 0, 0, 0, 0, 0, 0, 0, 0, 0, 1, 0, 0, 0, 0, 0, 0, 0, 0, 0, 0, 0, 0, 0, 0, 0, 0, 1, 0, 1, 0, 0, 1, 0, 0, 0, 1, 0, 0, 0, 0, 0, 0, 0, 0, 0, 0, 0, 1, 0, 0, 0, 0, 0, 0, 0, 0, 0, 0, 0, 0, 0, 0, 0, 0, 0, 0, 0, 1, 1, 0, 0, 0, 0, 0, 0, 0, 1, 0, 0, 0, 0, 0, 0, 0, 1, 1, 0, 1, 0, 0, 0, 0, 1, 0, 1, 0, 1, 0, 0, 0, 0, 0, 0, 0, 0, 0, 0, 1, 0, 0, 0, 0, 1, 0, 1, 1, 0, 0, 0, 0, 0, 0, 1, 0, 0, 0, 1, 0, 0, 0, 0, 0, 0, 0, 0, 0, 0, 0, 0, 0, 0, 1, 0, 1, 1, 1, 1, 0, 1, 0, 0, 0, 1, 1, 0, 0, 1, 1, 0, 0, 1, 0, 0, 1, 0, 0, 0, 1, 0, 0, 0, 0, 1, 0, 1, 0, 0, 0, 1, 0, 0, 0, 0, 0, 1, 0, 0, 1, 0, 1, 0, 0, 1, 0, 1, 1, 0, 0, 0, 0, 0, 0, 0, 0, 0, 0, 0, 0, 0, 0, 0, 0, 0, 1, 0, 1, 1, 0, 1, 0, 0, 0, 0, 0, 0, 0, 0, 0, 0, 1, 0, 0, 0, 0, 1, 1, 0, 0, 0, 0, 1, 0, 1, 0, 0, 0, 0, 0, 0, 0, 0, 0, 1, 0, 0, 0, 1, 0, 1, 0, 0, 0, 0, 0, 0, 1, 0, 0, 0, 0, 1, 0, 1, 0, 1, 0, 0, 1, 0, 0, 0, 1, 0, 0, 0, 0, 0, 0, 0, 0, 0, 0, 1, 0, 0, 1, 0, 1, 0, 0, 1, 0, 0, 0, 0, 0, 0, 0, 0, 0, 1, 0, 0, 0, 0, 0, 0, 1, 0, 0, 1, 0, 1, 0, 0, 0, 0, 0, 0, 1, 0, 0, 0, 0, 0, 1, 0, 0, 0, 1, 0, 1, 0, 0, 0, 0, 1, 0, 0, 0, 1, 0, 0, 0, 0, 0, 0, 0, 1, 0, 0, 0, 1, 0, 0, 0, 0, 0, 1, 0, 1, 0, 1, 0, 0, 0, 0, 0, 0, 0, 1, 0, 1, 0, 1, 1, 0, 1, 0, 1, 1, 0, 0, 1, 0, 0, 1, 1, 1, 0, 0, 0, 0, 0, 0, 1, 0, 0, 0, 0, 0, 0, 0, 0, 0, 1, 0, 0, 0, 1, 0, 0, 0, 0, 0, 0, 0, 0, 1, 0, 0, 0, 0, 0, 0, 0, 0, 0, 1, 1, 0, 0, 0, 1, 0, 0, 0, 0, 0, 0, 0, 0, 0, 0, 0, 0, 0, 0, 0, 0, 0, 1, 0, 0, 0, 0, 0, 0, 1, 0, 0, 1, 0, 0, 0, 0, 1, 0, 0, 1, 0, 0, 0, 0, 0, 0, 0, 0, 0, 0, 0, 0, 1, 0, 0, 0, 0, 0, 1, 0, 0, 0, 0, 0, 1, 0, 0, 0, 0, 0, 1, 1, 0, 0, 1, 0, 0, 1, 0, 1, 1, 0, 0, 0, 0, 0, 0, 0, 0, 0, 1, 0, 0, 0, 0, 0, 0, 0, 1, 1, 0, 1, 0, 0, 0, 0, 0, 1, 0, 0, 0, 0, 0, 0, 1, 0, 0, 0, 1, 1, 0, 0, 0, 0, 1, 0, 1, 0, 0, 0, 0, 0, 0, 0, 0, 0, 1, 1, 0, 0, 0, 0, 0, 0, 1, 0, 1, 0, 0, 0, 0, 1, 0, 0, 0, 0, 0, 0, 0, 0, 0, 1, 1, 0, 0, 1, 0, 0, 0, 0, 0, 1, 1, 0, 0, 0, 0, 1, 0, 0, 0, 1, 0, 0, 0, 0, 1, 1, 0, 0, 1, 0, 1, 0, 0, 1, 0, 0, 0, 1, 0, 0, 0, 0, 0, 0, 0, 0, 0, 0, 0, 0, 0, 0, 1, 0, 1, 0, 0, 1, 0, 1, 0, 1, 0, 0, 0, 0, 0, 0, 0, 0, 0, 0, 1, 1, 0, 0, 0, 0, 0, 0, 0, 0, 0, 0, 0, 0, 0, 0, 0, 0, 0, 0, 0, 0, 1, 1, 0, 0, 0, 0, 0, 0, 0, 1, 0, 0, 0, 1, 0, 0, 0, 0, 0, 1, 1, 0, 1, 1, 0, 1, 0, 0, 0, 0, 0, 0, 0, 0, 0, 0, 0, 0, 0, 0, 0, 0, 0, 0, 0, 1, 0, 0, 1, 1, 0, 0, 0, 0, 0, 0, 0, 0, 0, 0, 0, 0, 0, 0, 0, 0, 0, 0, 1, 1, 0, 0, 0, 1, 0, 0, 0, 0, 0, 0, 0, 0, 0, 0, 0, 0, 0, 0, 1, 1, 0, 0, 0, 0, 0, 0, 0, 0, 0, 0, 1, 0, 0, 0, 0, 0, 0, 0, 1, 0, 0, 1, 0, 1, 0, 1, 0, 0, 0, 0, 0, 0, 0, 0, 0, 0, 0, 1, 1, 0, 0, 0, 0, 0, 0, 0, 0, 0, 0, 1, 0, 1, 0, 0, 1, 0, 1, 0, 1, 1, 0, 1, 0, 0, 0, 1, 0, 0, 0, 1, 0, 1, 0, 1, 0, 0, 0, 0, 1, 0, 0, 1, 0, 0, 0, 0, 0, 0, 0, 0, 0, 1, 0, 0, 0, 0, 0, 1, 0, 0, 0, 0, 0, 1, 0, 1, 1, 0, 0, 0, 1, 0, 0, 0, 0, 1, 0, 0, 0, 0, 0, 1, 0, 0, 0, 1, 1, 0, 0, 0, 0, 0, 1, 1, 0, 0, 0, 0, 0, 0, 0, 0, 0, 1, 1, 0, 0, 0, 0, 0, 1, 0, 0, 0, 0, 0, 0, 0, 0, 0, 0, 0, 1, 1, 1, 0, 0, 0, 0, 0, 1, 0, 1, 0, 0, 0, 1, 0, 1, 1, 0, 0, 1, 1, 0, 0, 0, 1, 0, 1, 0, 1, 0, 0, 0, 1, 0, 0, 0, 0, 0, 0, 0, 0, 1, 0, 0, 0, 0, 0, 1, 0, 0, 0, 0, 0, 0, 0, 0, 0, 1, 1, 0, 0, 0, 1, 1, 0, 1, 0, 1, 0, 0, 1, 0, 0, 0, 0, 0, 0, 0, 0, 0, 0, 0, 0, 0, 0, 0, 1, 0, 1, 1, 0, 0, 1]
[0, 0, 0, 0, 0, 0, 1, 1, 0, 0, 1, 0, 0, 0, 1, 0, 0, 0, 1, 0, 0, 0, 1, 0, 0, 0, 0, 1, 1, 1, 0, 0, 0, 0, 0, 0, 0, 1, 1, 0, 0, 0, 0, 0, 1, 1, 1, 0, 0, 0, 0, 0, 0, 0, 0, 1, 0, 1, 0, 0, 0, 0, 0, 0, 0, 0, 0, 1, 0, 0, 0, 0, 0, 1, 0, 1, 1, 0, 0, 0, 1, 0, 0, 1, 0, 0, 0, 0, 0, 0, 0, 0, 0, 0, 1, 0, 1, 0, 0, 0, 1, 1, 1, 1, 0, 1, 0, 0, 0, 0, 1, 0, 0, 0, 0, 0, 0, 0, 0, 1, 1, 0, 0, 0, 0, 0, 1, 0, 0, 0, 0, 0, 1, 1, 0, 0, 0, 1, 1, 0, 1, 0, 1, 1, 0, 1, 0, 0, 0, 0, 0, 1, 1, 0, 0, 0, 1, 0, 1, 0, 0, 1, 0, 0, 0, 0, 1, 0, 0, 0, 1, 0, 0, 0, 1, 0, 0, 0, 0, 0, 0, 1, 1, 0, 0, 1, 0, 0, 1, 0, 1, 1, 0, 1, 0, 0, 0, 0, 0, 0, 0, 0, 1, 0, 1, 0, 1, 0, 0, 0, 0, 0, 0, 0, 0, 0, 0, 0, 1, 0, 0, 0, 0, 0, 0, 0, 0, 0, 0, 1, 0, 0, 0, 0, 0, 0, 0, 0, 0, 0, 1, 1, 0, 0, 0, 0, 0, 0, 0, 0, 1, 0, 0, 0, 1, 0, 0, 0, 0, 0, 0, 1, 0, 0, 0, 1, 0, 1, 0, 0, 1, 0, 0, 0, 0, 0, 0, 0, 0, 0, 0, 0, 0, 0, 1, 0, 0, 0, 0, 1, 0, 1, 0, 0, 0, 0, 0, 0, 0, 0, 0, 0, 0, 0, 0, 0, 0, 0, 1, 0, 0, 0, 0, 1, 1, 0, 0, 0, 0, 1, 0, 0, 0, 0, 0, 0, 0, 0, 0, 1, 1, 1, 0, 0, 1, 0, 1, 0, 0, 0, 0, 0, 0, 0, 1, 0, 0, 1, 0, 1, 0, 0, 0, 1, 1, 0, 1, 0, 0, 0, 1, 0, 0, 0, 0, 0, 1, 0, 1, 0, 0, 0, 0, 1, 0, 0, 0, 0, 0, 0, 0, 1, 0, 0, 0, 0, 0, 1, 0, 0, 1, 0, 0, 0, 1, 0, 1, 0, 0, 0, 0, 0, 0, 0, 0, 0, 0, 0, 0, 1, 0, 1, 0, 0, 0, 0, 0, 1, 0, 0, 0, 0, 0, 0, 0, 0, 0, 0, 0, 0, 0, 0, 0, 0, 0, 0, 0, 1, 0, 0, 0, 0, 0, 0, 0, 1, 1, 0, 0, 0, 0, 1, 0, 1, 0, 1, 0, 1, 0, 0, 0, 0, 0, 0, 0, 0, 1, 0, 0, 0, 0, 0, 1, 0, 0, 0, 0, 0, 0, 0, 0, 1, 0, 0, 0, 0, 0, 0, 1, 0, 0, 1, 0, 1, 1, 0, 0, 0, 0, 1, 1, 1, 0, 1, 1, 1, 0, 0, 0, 0, 0, 0, 1, 0, 0, 1, 1, 0, 0, 0, 1, 0, 0, 0, 0, 1, 0, 0, 0, 0, 0, 0, 0, 1, 1, 0, 0, 0, 0, 0, 0, 0, 0, 0, 0, 0, 1, 0, 1, 0, 0, 0, 0, 1, 1, 0, 0, 0, 0, 0, 0, 0, 0, 0, 1, 0, 0, 0, 1, 0, 0, 0, 0, 0, 0, 1, 1, 0, 0, 1, 0, 0, 0, 0, 1, 1, 0, 0, 0, 0, 1, 1, 0, 1, 1, 0, 0, 0, 0, 1, 0, 0, 0, 0, 1, 0, 0, 0, 0, 1, 0, 1, 0, 1, 1, 1, 0, 0, 0, 0, 0, 1, 0, 0, 0, 0, 0, 0, 0, 1, 0, 0, 0, 0, 0, 0, 1, 0, 0, 1, 0, 0, 0, 0, 0, 0, 0, 0, 0, 0, 0, 1, 0, 0, 1, 0, 0, 0, 0, 1, 0, 0, 0, 0, 0, 1, 0, 0, 0, 1, 0, 0, 0, 0, 0, 0, 1, 0, 0, 1, 0, 0, 0, 0, 0, 1, 0, 0, 0, 0, 0, 0, 0, 0, 0, 0, 0, 0, 0, 0, 0, 0, 0, 1, 0, 0, 0, 0, 0, 1, 0, 0, 0, 0, 0, 0, 0, 0, 0, 0, 0, 0, 0, 0, 0, 0, 0, 0, 0, 0, 0, 1, 0, 0, 1, 1, 0, 0, 0, 0, 0, 1, 0, 1, 1, 0, 0, 0, 0, 0, 1, 0, 0, 0, 0, 0, 1, 0, 0, 0, 0, 1, 0, 0, 0, 0, 0, 0, 0, 1, 0, 0, 0, 0, 1, 0, 0, 0, 1, 0, 0, 0, 0, 0, 0, 0, 1, 0, 0, 0, 0, 0, 0, 0, 0, 0, 1, 0, 0, 0, 0, 0, 0, 0, 0, 0, 0, 0, 0, 0, 0, 0, 0, 0, 0, 0, 0, 0, 0, 1, 0, 0, 1, 0, 0, 0, 0, 1, 0, 0, 0, 0, 0, 0, 0, 0, 0, 0, 1, 0, 0, 0, 0, 0, 0, 0, 0, 0, 0, 1, 0, 1, 0, 0, 0, 0, 0, 0, 0, 0, 0, 0, 1, 0, 1, 0, 0, 0, 0, 1, 0, 0, 0, 1, 0, 0, 0, 0, 1, 0, 0, 0, 1, 1, 1, 0, 0, 1, 0, 0, 1, 0, 0, 0, 0, 0, 1, 1, 1, 1, 1, 0, 0, 0, 0, 0, 0, 0, 1, 0, 0, 0, 0, 0, 0, 0, 1, 0, 1, 0, 1, 0, 0, 1, 1, 1, 0, 0, 0, 1, 0, 0, 0, 1, 0, 0, 1, 0, 0, 0, 0, 0, 0, 0, 1, 0, 0, 0, 0, 0, 0, 0, 0, 0, 0, 0, 0, 0, 0, 0, 1, 0, 0, 0, 0, 0, 0, 0, 0, 0, 1, 1, 0, 1, 0, 0, 1, 0, 0, 1, 0, 1, 0, 0, 0, 1, 0, 0, 0, 0, 0, 1, 1, 0, 0, 0, 0, 0, 1, 0, 0, 0, 0, 0, 0, 1, 0, 0, 0, 0, 1, 0, 0, 1, 0, 0, 0, 0, 0, 0, 1, 1, 0, 0, 0, 0, 0, 0, 0, 0, 0, 0, 1, 1, 1, 0, 0, 0, 0, 0, 0, 0, 1, 0, 1, 0, 0, 0, 0, 0, 0, 0, 0, 0, 0, 1, 1, 0, 0, 0, 1, 0, 0, 0, 1, 1, 0, 0, 1, 0, 0, 0, 0, 0, 0, 1, 0, 0, 1, 1, 1, 0, 0, 0, 0, 0, 0, 0, 0, 1, 0, 0, 0, 1, 0, 0, 0, 1, 0, 0, 1, 0, 0, 1, 0, 0, 0, 0, 0, 1, 0, 0, 0, 0, 0, 0, 0, 0, 0, 0, 0, 0, 0, 1, 0, 0, 0, 0, 0, 0, 0, 1, 0, 1, 0, 0, 1, 0, 0, 0, 0, 0, 0, 0, 1, 0, 0, 0, 0, 0, 0, 0, 0, 0, 1, 1, 1, 0, 0, 0, 0, 0, 0, 0, 0, 0, 1, 1, 0, 0, 0, 0, 0, 0, 1, 0, 0, 0, 0, 0, 0, 0, 0, 1, 0, 1, 0, 0, 0, 0, 0, 0, 0, 0, 1, 0, 1, 0, 0, 0, 1, 1, 0, 0, 0, 0, 1, 0, 0, 0, 1, 0, 1, 0, 0, 1, 1, 0, 1, 0, 0, 0, 0, 0, 0, 0, 1, 0, 0, 0, 0, 1, 0, 1, 0, 0, 0, 0, 0, 0, 0, 0, 0, 0, 0, 0, 0, 1, 0, 0, 1, 0, 0, 0, 0, 0, 0, 0, 1, 0, 1, 0, 0, 0, 0, 1, 1, 0, 0, 0, 1, 1, 0, 0, 0, 0, 0, 1, 1, 1, 0, 0, 0, 1, 1, 0, 0, 0, 1, 1, 0, 0, 0, 0, 0, 1, 0, 0, 0, 0, 0, 0, 1, 0, 1, 0, 0, 0, 1, 0, 1, 0, 1, 0, 1, 1, 1, 0, 0, 0, 0, 1, 0, 1, 0, 0, 1, 1, 1, 0, 0, 0, 0, 1, 0, 0, 0, 0, 0, 0, 0, 0, 0, 1, 0, 0, 0, 0, 0, 1, 0, 0, 0, 0, 1, 0, 0, 0, 0, 0, 0, 0, 0, 0, 0, 1, 0, 0, 0, 0, 1, 1, 0, 0, 0, 0, 1, 0, 1, 0, 0, 0, 0, 0, 0, 0, 1, 0, 1, 1, 0, 0, 1, 0, 1, 0, 1, 0, 0, 0, 0]
[0, 0, 0, 0, 0, 0, 1, 0, 0, 1, 1, 0, 0, 0, 1, 0, 0, 0, 0, 0, 0, 0, 1, 0, 0, 0, 0, 1, 0, 1, 0, 0, 0, 0, 0, 0, 0, 0, 1, 1, 0, 0, 0, 0, 0, 0, 0, 0, 0, 0, 0, 0, 0, 0, 1, 0, 0, 0, 0, 1, 0, 0, 0, 0, 0, 0, 1, 1, 0, 0, 0, 0, 0, 0, 0, 1, 1, 0, 0, 0, 1, 0, 0, 0, 0, 0, 0, 0, 0, 0, 0, 0, 0, 0, 1, 0, 1, 0, 0, 0, 0, 0, 0, 0, 0, 1, 0, 1, 0, 0, 0, 0, 0, 1, 0, 0, 0, 1, 0, 0, 1, 0, 0, 0, 0, 0, 1, 0, 0, 0, 0, 0, 1, 0, 0, 0, 0, 1, 0, 1, 1, 0, 0, 1, 0, 0, 0, 0, 0, 0, 0, 1, 1, 1, 0, 0, 1, 0, 1, 0, 1, 0, 0, 0, 0, 0, 1, 0, 1, 0, 1, 0, 0, 0, 1, 0, 0, 0, 0, 0, 1, 0, 1, 0, 0, 0, 0, 0, 0, 0, 0, 1, 0, 1, 0, 1, 0, 0, 0, 0, 0, 0, 1, 0, 0, 1, 1, 1, 0, 0, 0, 1, 0, 0, 0, 0, 0, 0, 0, 0, 0, 0, 0, 0, 0, 0, 0, 0, 0, 1, 0, 0, 0, 0, 0, 0, 0, 0, 0, 0, 0, 1, 0, 0, 0, 1, 0, 0, 0, 0, 0, 0, 1, 0, 0, 0, 0, 1, 1, 0, 0, 1, 0, 1, 0, 1, 0, 1, 0, 0, 1, 0, 1, 1, 0, 0, 1, 0, 0, 0, 0, 0, 0, 0, 0, 0, 0, 0, 1, 1, 0, 0, 0, 0, 0, 0, 0, 0, 0, 0, 0, 0, 0, 0, 0, 0, 1, 1, 1, 0, 0, 0, 0, 0, 0, 0, 0, 0, 0, 1, 0, 0, 1, 0, 1, 0, 0, 0, 0, 0, 0, 1, 0, 0, 1, 0, 1, 0, 0, 0, 0, 0, 0, 0, 0, 0, 0, 1, 0, 1, 0, 0, 0, 1, 1, 0, 1, 0, 0, 0, 0, 0, 0, 0, 0, 0, 0, 0, 1, 0, 0, 0, 0, 0, 0, 0, 0, 0, 0, 0, 0, 0, 0, 1, 0, 0, 0, 1, 0, 0, 1, 0, 0, 0, 1, 0, 0, 0, 0, 0, 0, 0, 0, 0, 0, 1, 0, 0, 0, 0, 0, 0, 0, 0, 0, 0, 0, 0, 0, 0, 0, 0, 0, 0, 1, 0, 0, 0, 0, 0, 0, 1, 0, 1, 1, 0, 0, 0, 0, 0, 1, 0, 0, 0, 0, 0, 1, 0, 1, 1, 0, 1, 0, 1, 0, 1, 0, 0, 0, 0, 0, 0, 0, 0, 0, 0, 1, 0, 0, 0, 0, 0, 0, 0, 0, 0, 0, 0, 1, 0, 0, 1, 0, 0, 0, 0, 0, 0, 0, 0, 0, 0, 0, 0, 0, 0, 0, 0, 0, 0, 1, 0, 0, 1, 1, 1, 0, 0, 0, 0, 0, 0, 1, 0, 0, 1, 1, 0, 0, 0, 0, 0, 0, 0, 0, 0, 0, 0, 0, 0, 0, 0, 1, 1, 0, 0, 0, 0, 0, 0, 0, 0, 0, 0, 0, 0, 1, 1, 1, 0, 0, 0, 0, 1, 1, 1, 0, 1, 0, 0, 0, 1, 0, 0, 0, 0, 0, 0, 0, 0, 0, 1, 0, 0, 0, 1, 0, 0, 0, 0, 0, 0, 0, 0, 0, 0, 0, 0, 0, 1, 0, 0, 0, 1, 1, 1, 0, 1, 1, 1, 1, 0, 0, 0, 0, 0, 1, 0, 1, 0, 0, 1, 0, 0, 0, 1, 0, 0, 0, 0, 0, 0, 0, 0, 0, 0, 0, 1, 1, 1, 1, 0, 0, 0, 1, 0, 1, 0, 0, 0, 0, 1, 1, 0, 0, 0, 0, 1, 0, 0, 1, 1, 0, 1, 1, 0, 0, 1, 1, 1, 0, 0, 0, 0, 0, 0, 1, 1, 1, 1, 0, 0, 0, 1, 0, 0, 1, 0, 0, 1, 0, 0, 0, 1, 0, 0, 0, 0, 0, 0, 0, 0, 0, 0, 0, 0, 0, 1, 0, 0, 0, 1, 1, 0, 1, 0, 0, 0, 0, 1, 0, 0, 0, 0, 0, 0, 0, 0, 0, 0, 0, 0, 0, 0, 0, 1, 0, 0, 0, 0, 0, 1, 0, 0, 0, 0, 0, 0, 0, 0, 0, 1, 0, 1, 1, 0, 0, 1, 0, 0, 0, 0, 0, 0, 1, 0, 1, 0, 0, 1, 0, 0, 0, 0, 0, 0, 0, 0, 0, 0, 0, 0, 0, 0, 1, 1, 0, 1, 1, 0, 0, 0, 0, 0, 0, 0, 0, 0, 0, 0, 1, 0, 0, 0, 0, 0, 0, 0, 0, 0, 0, 0, 0, 0, 0, 0, 0, 1, 0, 1, 0, 0, 0, 0, 0, 0, 1, 0, 0, 0, 0, 0, 0, 0, 0, 0, 1, 1, 0, 0, 0, 0, 0, 0, 0, 0, 0, 0, 1, 1, 0, 0, 0, 0, 0, 0, 0, 0, 0, 0, 0, 1, 0, 0, 0, 0, 1, 0, 0, 0, 1, 1, 0, 0, 0, 1, 0, 0, 0, 1, 0, 0, 0, 1, 0, 0, 0, 0, 1, 0, 1, 0, 0, 0, 0, 0, 1, 0, 0, 0, 0, 0, 0, 0, 0, 0, 0, 1, 1, 0, 1, 0, 1, 0, 0, 0, 0, 0, 0, 0, 1, 0, 0, 0, 0, 0, 0, 0, 1, 1, 0, 1, 0, 1, 0, 1, 0, 1, 0, 0, 0, 0, 0, 0, 0, 0, 1, 0, 0, 0, 0, 0, 0, 0, 0, 0, 0, 0, 0, 1, 0, 0, 0, 0, 0, 0, 1, 0, 0, 0, 1, 0, 0, 0, 0, 0, 0, 0, 0, 0, 1, 1, 0, 0, 0, 0, 1, 1, 0, 0, 0, 0, 0, 0, 0, 1, 0, 0, 0, 0, 0, 1, 0, 0, 0, 0, 1, 0, 1, 0, 0, 0, 0, 0, 0, 0, 0, 0, 1, 0, 0, 0, 0, 1, 0, 0, 0, 0, 0, 0, 1, 0, 0, 0, 0, 0, 0, 0, 0, 0, 0, 1, 0, 1, 1, 1, 0, 0, 0, 0, 0, 1, 0, 1, 0, 0, 0, 0, 1, 0, 0, 0, 0, 0, 0, 1, 1, 0, 0, 0, 0, 0, 0, 0, 1, 0, 0, 0, 1, 0, 1, 1, 1, 0, 0, 1, 0, 0, 1, 0, 1, 1, 1, 0, 0, 0, 0, 1, 0, 0, 0, 0, 0, 0, 0, 0, 0, 0, 0, 0, 1, 0, 0, 1, 0, 0, 0, 0, 0, 0, 0, 1, 0, 0, 0, 0, 0, 0, 0, 0, 1, 0, 0, 1, 0, 0, 0, 0, 0, 0, 0, 0, 0, 0, 0, 0, 0, 1, 0, 0, 0, 0, 0, 0, 1, 0, 0, 0, 0, 0, 1, 0, 0, 0, 0, 1, 0, 0, 0, 0, 0, 0, 0, 0, 0, 0, 1, 0, 0, 1, 0, 0, 1, 1, 0, 0, 0, 0, 0, 0, 0, 1, 0, 1, 0, 0, 0, 0, 0, 0, 0, 0, 0, 0, 1, 0, 1, 0, 0, 0, 0, 1, 0, 0, 0, 0, 1, 0, 0, 0, 1, 0, 0, 0, 0, 0, 1, 0, 1, 0, 1, 0, 0, 0, 0, 0, 1, 1, 0, 0, 1, 0, 0, 0, 1, 0, 0, 0, 0, 0, 0, 0, 0, 1, 0, 0, 0, 0, 0, 0, 1, 0, 1, 0, 0, 0, 0, 0, 0, 0, 1, 0, 0, 1, 0, 0, 1, 1, 1, 0, 1, 1, 0, 0, 0, 0, 1, 1, 1, 0, 1, 0, 0, 0, 0, 0, 0, 0, 1, 1, 0, 0, 0, 0, 1, 1, 0, 1, 0, 0, 0, 0, 0, 0, 0, 1, 0, 0, 1, 0, 0, 0, 0, 0, 0, 1, 0, 0, 0, 0, 0, 1, 1, 1, 0, 0, 0, 1, 1, 0, 0, 0, 0, 0, 0, 1, 0, 1, 0, 0, 0, 1, 0, 0, 0, 1, 0, 0, 0, 1, 0, 0, 0, 0, 0, 0, 1, 1, 0, 0, 0, 0, 0, 0, 0, 1, 0, 0, 0, 0, 1, 1, 0, 0, 0, 0, 0, 0, 1, 0, 1, 0, 0, 0, 0, 0, 0, 0, 0, 0, 0, 0, 0, 1, 1, 1, 1, 0, 1, 0, 0]
[0, 0, 0, 0, 1, 0, 1, 0, 0, 0, 1, 0, 0, 0, 1, 0, 0, 1, 0, 0, 0, 0, 1, 0, 0, 0, 0, 1, 0, 1, 0, 0, 0, 0, 1, 1, 0, 0, 1, 0, 0, 0, 0, 0, 0, 0, 0, 0, 1, 0, 0, 0, 0, 1, 0, 0, 0, 0, 0, 0, 0, 0, 0, 0, 1, 0, 0, 1, 0, 0, 1, 1, 1, 0, 0, 1, 1, 0, 0, 0, 1, 0, 1, 0, 0, 0, 1, 0, 0, 0, 0, 1, 1, 0, 1, 0, 1, 1, 0, 0, 0, 0, 0, 0, 0, 1, 0, 0, 1, 1, 0, 0, 0, 0, 0, 0, 0, 0, 0, 0, 1, 1, 0, 0, 0, 1, 1, 0, 0, 0, 0, 0, 1, 0, 0, 1, 1, 1, 0, 0, 1, 0, 0, 1, 0, 0, 0, 0, 0, 0, 0, 1, 1, 0, 1, 0, 1, 1, 1, 0, 0, 0, 0, 0, 1, 0, 1, 0, 0, 0, 1, 0, 0, 0, 1, 0, 0, 0, 0, 0, 0, 0, 1, 1, 0, 0, 1, 0, 0, 0, 0, 1, 0, 1, 0, 0, 0, 0, 0, 0, 0, 0, 1, 0, 0, 0, 1, 0, 0, 1, 0, 0, 0, 1, 0, 0, 0, 0, 0, 0, 0, 0, 0, 0, 1, 0, 1, 0, 0, 1, 0, 0, 1, 0, 0, 0, 1, 1, 1, 0, 0, 1, 0, 0, 0, 0, 0, 1, 0, 0, 0, 0, 0, 0, 0, 0, 0, 0, 0, 0, 0, 1, 0, 0, 0, 1, 1, 1, 0, 0, 1, 0, 0, 0, 0, 0, 0, 1, 0, 0, 0, 0, 0, 0, 0, 0, 0, 0, 0, 1, 0, 0, 0, 0, 0, 0, 0, 0, 0, 0, 1, 1, 1, 0, 0, 0, 0, 0, 1, 0, 0, 0, 0, 0, 0, 1, 0, 0, 0, 1, 0, 0, 0, 0, 0, 0, 0, 0, 0, 0, 0, 1, 0, 0, 1, 0, 1, 0, 1, 0, 0, 0, 0, 0, 0, 1, 0, 1, 0, 1, 0, 0, 0, 1, 1, 0, 1, 0, 0, 0, 0, 0, 0, 1, 0, 0, 0, 0, 1, 0, 0, 0, 0, 0, 1, 0, 1, 0, 0, 0, 0, 0, 0, 0, 0, 0, 0, 1, 0, 0, 1, 0, 0, 0, 1, 0, 0, 0, 0, 0, 0, 0, 0, 0, 0, 0, 0, 0, 0, 0, 0, 0, 1, 1, 1, 0, 0, 0, 0, 1, 0, 1, 0, 0, 0, 0, 0, 0, 0, 0, 0, 0, 0, 0, 0, 0, 1, 0, 1, 0, 0, 0, 0, 0, 0, 0, 1, 0, 0, 0, 0, 1, 0, 1, 0, 1, 0, 0, 0, 0, 1, 0, 0, 0, 0, 0, 1, 0, 0, 1, 0, 0, 0, 0, 0, 0, 0, 0, 0, 0, 0, 1, 0, 0, 0, 0, 0, 1, 0, 0, 0, 0, 0, 0, 0, 0, 0, 0, 0, 0, 1, 0, 0, 1, 1, 1, 1, 0, 0, 1, 0, 0, 1, 0, 0, 1, 1, 0, 0, 0, 0, 0, 0, 0, 0, 0, 0, 0, 0, 1, 0, 0, 0, 1, 0, 0, 0, 0, 0, 0, 0, 0, 1, 0, 1, 0, 1, 0, 1, 0, 0, 0, 0, 1, 1, 0, 0, 0, 0, 0, 0, 0, 0, 0, 0, 1, 0, 0, 0, 0, 0, 0, 0, 0, 0, 1, 0, 0, 1, 0, 0, 0, 0, 0, 0, 0, 0, 0, 0, 0, 0, 0, 0, 1, 1, 0, 0, 0, 0, 1, 0, 0, 0, 0, 0, 0, 0, 0, 0, 0, 0, 1, 0, 0, 0, 1, 0, 0, 1, 0, 0, 0, 1, 1, 0, 1, 0, 0, 0, 1, 0, 0, 0, 0, 0, 0, 1, 0, 0, 0, 0, 0, 0, 0, 1, 1, 0, 0, 1, 0, 0, 1, 0, 0, 1, 0, 0, 0, 0, 1, 0, 0, 1, 0, 1, 0, 0, 0, 0, 1, 0, 1, 0, 0, 0, 0, 1, 0, 0, 1, 0, 0, 0, 0, 1, 0, 0, 0, 0, 0, 0, 0, 0, 0, 0, 0, 1, 0, 0, 0, 0, 0, 0, 0, 0, 0, 1, 0, 0, 1, 1, 0, 0, 1, 0, 0, 0, 0, 0, 0, 0, 0, 0, 0, 0, 0, 1, 0, 0, 0, 0, 1, 1, 0, 0, 0, 0, 0, 1, 0, 0, 1, 0, 1, 1, 1, 0, 0, 0, 0, 0, 0, 0, 0, 0, 0, 1, 0, 1, 0, 0, 0, 1, 0, 0, 0, 0, 0, 0, 0, 0, 0, 0, 0, 1, 0, 1, 0, 1, 0, 0, 1, 1, 0, 0, 0, 0, 0, 0, 1, 0, 0, 1, 0, 0, 0, 0, 0, 0, 0, 1, 0, 0, 1, 1, 0, 0, 0, 0, 0, 0, 0, 0, 1, 0, 1, 0, 1, 0, 0, 0, 0, 0, 0, 0, 0, 0, 1, 0, 0, 0, 0, 0, 0, 0, 0, 1, 0, 1, 0, 0, 0, 0, 0, 0, 0, 0, 0, 0, 0, 0, 1, 0, 0, 1, 0, 0, 0, 0, 1, 0, 0, 0, 0, 0, 0, 0, 1, 0, 1, 0, 0, 0, 1, 0, 1, 0, 0, 1, 0, 0, 0, 0, 0, 0, 0, 0, 0, 0, 0, 0, 0, 1, 0, 0, 1, 0, 1, 1, 0, 1, 0, 0, 0, 0, 0, 0, 0, 0, 0, 0, 0, 0, 0, 0, 0, 0, 0, 1, 0, 0, 0, 0, 1, 0, 1, 1, 0, 0, 0, 0, 0, 0, 0, 0, 0, 1, 0, 0, 0, 0, 1, 0, 0, 0, 0, 1, 0, 0, 0, 0, 0, 0, 1, 0, 1, 0, 0, 0, 0, 1, 0, 1, 0, 0, 0, 0, 0, 0, 0, 1, 1, 0, 0, 0, 0, 1, 0, 1, 0, 0, 0, 0, 1, 0, 1, 0, 0, 0, 0, 1, 1, 0, 0, 0, 0, 0, 1, 1, 0, 1, 1, 0, 0, 0, 0, 0, 0, 0, 0, 0, 0, 0, 1, 0, 0, 1, 0, 0, 0, 1, 0, 0, 0, 0, 0, 0, 0, 0, 0, 0, 0, 0, 1, 1, 0, 0, 0, 0, 0, 0, 0, 0, 0, 0, 0, 0, 0, 0, 0, 0, 0, 0, 0, 0, 1, 1, 0, 0, 0, 0, 0, 0, 0, 1, 0, 0, 0, 1, 0, 0, 0, 0, 0, 0, 1, 0, 0, 1, 0, 1, 0, 0, 0, 0, 1, 0, 0, 0, 0, 0, 1, 0, 0, 0, 1, 0, 0, 0, 0, 1, 0, 0, 1, 0, 0, 0, 0, 0, 0, 0, 0, 0, 0, 0, 0, 0, 0, 1, 0, 0, 0, 0, 1, 0, 0, 0, 0, 0, 0, 0, 0, 1, 0, 0, 0, 0, 0, 0, 1, 0, 0, 0, 0, 1, 0, 0, 0, 0, 1, 0, 0, 0, 0, 0, 1, 0, 0, 0, 1, 0, 1, 0, 0, 1, 0, 1, 0, 0, 0, 0, 1, 0, 0, 0, 0, 0, 0, 0, 0, 0, 0, 0, 1, 0, 0, 0, 0, 0, 0, 0, 0, 0, 0, 1, 0, 1, 0, 0, 0, 0, 1, 0, 0, 0, 0, 1, 0, 0, 0, 1, 0, 0, 0, 0, 0, 1, 1, 1, 1, 0, 0, 0, 0, 1, 0, 1, 0, 0, 0, 0, 0, 1, 0, 0, 1, 0, 0, 0, 0, 0, 0, 0, 0, 1, 0, 0, 0, 0, 0, 1, 0, 0, 1, 1, 0, 0, 0, 0, 1, 1, 0, 1, 0, 0, 0, 1, 0, 0, 1, 1, 1, 0, 0, 0, 0, 0, 1, 1, 0, 0, 0, 0, 0, 0, 1, 0, 0, 1, 1, 0, 1, 0, 0, 0, 1, 1, 0, 0, 0, 0, 0, 0, 0, 0, 0, 1, 0, 1, 0, 0, 0, 0, 0, 0, 1, 0, 0, 1, 0, 1, 1, 0, 1, 0, 0, 0, 1, 1, 0, 0, 1, 0, 0, 0, 0, 0, 0, 0, 0, 0, 0, 0, 0, 0, 0, 0, 0, 0, 1, 0, 0, 0, 0, 0, 0, 0, 0, 0, 0, 0, 0, 0, 1, 0, 1, 0, 0, 0, 0, 1, 1, 0, 0, 0, 0, 0, 0, 1, 0, 0, 1, 0, 0, 1, 0, 0, 0, 0, 0, 0, 1, 0, 0, 1, 0, 1, 0, 0, 0, 0]
EOF
