1	500	500
2	149	681
3	375	973
4	343	191
5	40	303
6	949	966
7	743	906
8	549	144
9	273	269
10	923	485
11	534	466
12	136	817
13	259	343
14	992	332
15	749	479
16	402	107
17	214	603
18	933	669
19	683	590
20	920	52
21	193	508
22	926	634
23	130	667
24	529	121
25	268	275
26	4	386
27	263	943
28	905	516
29	181	404
30	214	332
31	230	485
32	37	217
33	279	331
34	943	487
35	880	94
36	725	116
37	270	106
38	251	719
39	887	530
40	265	236
41	618	188
42	598	139
43	953	369
44	299	317
45	477	419
46	706	517
47	629	373
48	674	228
49	648	91
50	829	68
51	113	303
52	159	856
53	279	472
54	391	383
55	191	8
56	892	503
57	952	187
58	621	323
59	321	794
60	197	75
61	248	538
62	70	256
63	255	684
64	883	599
65	575	236
66	853	503
67	604	188
68	43	139
69	4	705
70	7	925
71	493	857
72	390	115
73	19	497
74	267	851
75	111	110
76	22	17
77	615	536
78	243	253
79	897	123
80	560	667
81	714	580
82	828	55
83	126	1
84	617	979
85	783	588
86	911	964
87	872	11
88	656	211
89	899	514
90	194	702
91	304	441
92	582	933
93	276	166
94	911	342
95	465	982
96	529	340
97	261	120
98	239	724
99	621	130
100	899	170
101	452	275
102	237	337
103	74	992
104	493	671
105	777	814
106	82	765
107	656	986
108	498	905
109	238	716
110	895	178
111	52	838
112	731	494
113	897	698
114	689	210
115	466	428
116	556	731
117	473	663
118	473	413
119	815	552
120	602	807
121	130	501
122	269	390
123	618	957
124	111	457
125	727	227
126	866	611
127	687	610
128	553	188
129	268	907
130	727	497
131	5	169
132	388	117
133	265	337
134	250	740
135	205	3
136	963	231
137	463	495
138	612	673
139	889	90
140	717	180
141	788	577
142	126	77
143	762	389
144	237	877
145	537	221
146	122	880
147	27	521
148	196	632
149	999	936
150	255	237
151	121	69
152	465	253
153	771	884
154	387	134
155	904	960
156	427	708
157	452	357
158	751	779
159	443	683
160	896	163
161	998	931
162	606	417
163	475	718
164	310	944
165	289	357
166	631	617
167	506	679
168	988	103
169	825	230
170	687	882
171	195	273
172	214	747
173	746	892
174	618	484
175	540	526
176	819	820
177	852	674
178	560	737
179	282	348
180	190	347
181	643	322
182	268	157
183	263	386
184	671	214
185	263	562
186	103	147
187	823	629
188	480	890
189	191	544
190	89	54
191	762	710
192	880	829
193	667	270
194	569	77
195	352	332
196	921	702
197	870	881
198	202	297
199	779	899
200	370	102
201	433	194
202	39	270
203	447	412
204	100	671
205	537	264
206	601	972
207	11	523
208	744	200
209	627	667
210	773	755
211	253	503
212	141	8
213	532	163
214	52	97
215	227	911
216	525	733
217	991	664
218	767	245
219	741	99
220	765	766
221	652	794
222	64	54
223	153	191
224	397	150
225	456	511
226	262	205
227	254	149
228	816	951
229	917	26
230	56	277
231	542	30
232	262	858
233	706	139
234	481	838
235	387	679
236	337	520
237	672	550
238	447	442
239	212	596
240	177	197
241	508	839
242	495	541
243	389	348
244	451	636
245	49	257
246	746	999
247	846	623
248	124	750
249	743	699
250	288	476
251	805	947
252	236	542
253	983	351
254	195	543
255	670	195
256	259	176
257	526	25
258	43	197
259	286	849
260	909	188
261	332	629
262	875	761
263	468	411
264	412	771
265	783	71
266	240	193
267	538	310
268	369	671
269	481	566
270	812	285
271	349	673
272	260	498
273	164	489
274	154	125
275	755	971
276	662	356
277	152	738
278	782	20
279	605	554
280	37	500
281	717	582
282	606	118
283	571	414
284	531	538
285	388	134
286	102	867
287	420	942
288	680	805
289	19	75
290	71	108
291	947	389
292	604	478
293	203	935
294	13	459
295	477	379
296	583	269
297	129	479
298	258	914
299	600	879
300	720	205
301	878	759
302	920	35
303	867	371
304	970	465
305	260	952
306	385	40
307	436	698
308	59	699
309	8	935
310	979	340
311	1	711
312	381	530
313	831	913
314	280	852
315	817	958
316	20	704
317	614	673
318	23	947
319	332	913
320	30	742
321	665	502
322	555	934
323	331	717
324	831	494
325	332	347
326	811	615
327	918	680
328	944	856
329	251	375
330	705	363
331	861	388
332	560	184
333	156	152
334	702	321
335	914	711
336	803	845
337	373	577
338	345	326
339	677	257
340	254	906
341	594	668
342	820	296
343	124	602
344	878	942
345	716	964
346	736	798
347	478	537
348	438	43
349	100	959
350	336	651
351	832	451
352	1000	828
353	61	784
354	302	88
355	422	872
356	734	112
357	865	161
358	323	355
359	229	826
360	319	7
361	409	323
362	505	470
363	667	214
364	999	213
365	526	607
366	225	347
367	562	312
368	146	0
369	719	511
370	108	203
371	866	117
372	844	366
373	926	444
374	967	779
375	211	49
376	97	31
377	18	762
378	222	786
379	1	345
380	724	268
381	618	906
382	772	59
383	503	275
384	625	184
385	198	299
386	725	300
387	843	366
388	214	668
389	349	565
390	606	109
391	377	737
392	809	839
393	744	154
394	913	405
395	741	647
396	50	266
397	75	135
398	299	702
399	231	813
400	750	981
401	310	425
402	986	320
403	430	463
404	868	934
405	994	987
406	551	841
407	327	47
408	178	467
409	959	854
410	108	252
411	594	833
412	799	941
413	413	68
414	701	449
415	693	459
416	71	199
417	502	457
418	695	965
419	454	137
420	366	945
421	910	811
422	283	547
423	752	484
424	260	595
425	294	819
426	779	623
427	324	919
428	564	709
429	563	75
430	260	434
431	906	855
432	764	163
433	896	735
434	298	581
435	86	271
436	935	434
437	902	600
438	187	707
439	323	954
440	548	115
441	663	924
442	894	338
443	994	512
444	976	826
445	315	836
446	690	495
447	948	0
448	982	456
449	50	549
450	340	340
451	969	210
452	885	988
453	789	429
454	488	526
455	646	15
456	253	845
457	682	942
458	114	270
459	589	170
460	824	675
461	149	354
462	436	637
463	991	343
464	245	735
465	113	56
466	978	672
467	942	49
468	428	107
469	177	2
470	390	721
471	671	897
472	897	889
473	345	170
474	731	678
475	108	431
476	579	95
477	361	363
478	101	416
479	800	479
480	118	137
481	510	812
482	277	506
483	213	952
484	595	150
485	45	72
486	611	71
487	677	616
488	92	286
489	361	290
490	162	314
491	608	344
492	893	783
493	582	589
494	949	473
495	176	358
496	531	980
497	391	653
498	362	210
499	905	709
500	794	349
501	396	916
502	381	446
503	564	131
504	384	702
505	11	308
506	790	346
507	193	693
508	10	222
509	805	154
510	945	687
511	45	245
512	300	996
513	628	735
514	824	898
515	148	894
516	775	756
517	751	475
518	372	990
519	804	83
520	53	561
521	5	658
522	789	698
523	254	144
524	385	400
525	164	619
526	143	888
527	81	462
528	485	652
529	290	144
530	482	176
531	50	86
532	488	601
533	105	892
534	760	357
535	701	474
536	636	603
537	554	148
538	643	316
539	606	862
540	821	299
541	561	24
542	547	228
543	502	543
544	848	932
545	356	198
546	744	637
547	996	93
548	183	472
549	767	874
550	525	559
551	21	78
552	162	580
553	549	576
554	772	576
555	919	496
556	584	889
557	165	683
558	326	833
559	161	453
560	247	72
561	210	395
562	837	401
563	389	353
564	936	826
565	978	455
566	755	705
567	707	294
568	763	880
569	75	588
570	566	827
571	343	374
572	229	531
573	968	905
574	391	179
575	140	949
576	541	777
577	699	450
578	545	373
579	985	636
580	111	314
581	109	597
582	233	283
583	917	40
584	737	105
585	643	60
586	649	559
587	630	499
588	955	179
589	854	256
590	1	57
591	339	294
592	467	320
593	520	87
594	817	764
595	696	745
596	803	723
597	191	546
598	955	922
599	338	702
600	284	110
601	189	642
602	280	757
603	506	736
604	441	323
605	32	334
606	371	609
607	119	648
608	693	349
609	458	583
610	944	659
611	809	246
612	590	577
613	819	46
614	464	128
615	222	250
616	569	979
617	761	927
618	451	532
619	679	930
620	541	124
621	294	5
622	702	141
623	407	452
624	193	593
625	786	108
626	961	697
627	591	770
628	752	354
629	790	939
630	219	956
631	996	511
632	108	366
633	471	635
634	564	873
635	994	78
636	109	741
637	93	992
638	407	184
639	276	722
640	894	142
641	743	713
642	365	239
643	604	386
644	934	552
645	978	978
646	764	322
647	915	165
648	918	675
649	91	593
650	367	720
651	935	410
652	601	300
653	169	397
654	372	515
655	872	933
656	235	333
657	478	534
658	769	52
659	120	73
660	742	369
661	720	716
662	27	52
663	916	19
664	9	836
665	127	624
666	517	509
667	119	51
668	226	322
669	977	985
670	116	223
671	917	757
672	892	755
673	428	820
674	702	900
675	311	659
676	463	439
677	326	172
678	422	875
679	595	879
680	881	358
681	470	28
682	8	818
683	853	514
684	425	0
685	647	898
686	691	767
687	393	782
688	566	358
689	396	259
690	24	917
691	834	76
692	592	919
693	629	682
694	954	818
695	312	739
696	994	377
697	24	18
698	711	31
699	867	723
700	630	266
701	544	896
702	720	228
703	864	795
704	738	148
705	769	532
706	559	899
707	154	631
708	462	495
709	800	740
710	558	612
711	958	587
712	165	499
713	837	266
714	296	332
715	252	639
716	145	701
717	723	41
718	874	170
719	924	651
720	382	465
721	224	936
722	881	918
723	305	407
724	80	85
725	166	175
726	628	402
727	134	936
728	914	459
729	591	965
730	232	269
731	676	244
732	991	471
733	468	610
734	874	118
735	205	993
736	222	560
737	12	480
738	169	559
739	511	163
740	650	309
741	28	288
742	982	39
743	377	781
744	197	726
745	325	610
746	982	324
747	949	654
748	951	47
749	716	485
750	433	341
751	249	877
752	972	517
753	524	897
754	564	243
755	9	901
756	460	495
757	959	255
758	941	459
759	407	879
760	627	799
761	930	48
762	196	482
763	274	934
764	481	913
765	634	806
766	139	812
767	283	427
768	961	48
769	898	337
770	771	540
771	824	18
772	199	484
773	355	597
774	789	124
775	818	570
776	444	322
777	667	819
778	960	979
779	347	985
780	114	764
781	200	958
782	874	278
783	297	585
784	291	499
785	282	528
786	170	214
787	768	7
788	808	595
789	309	759
790	939	945
791	913	58
792	280	317
793	172	878
794	785	452
795	690	687
796	810	277
797	586	847
798	766	192
799	684	990
800	596	63
801	674	972
802	2	757
803	350	577
804	915	22
805	24	417
806	93	552
807	417	80
808	975	91
809	248	617
810	837	486
811	276	953
812	368	717
813	369	288
814	282	543
815	754	143
816	116	729
817	592	58
818	139	278
819	839	833
820	73	827
821	94	235
822	685	44
823	947	552
824	495	226
825	958	174
826	306	990
827	442	496
828	923	539
829	770	346
830	136	848
831	12	386
832	363	664
833	611	131
834	446	434
835	536	760
836	908	75
837	526	885
838	628	236
839	971	941
840	418	281
841	668	210
842	907	306
843	662	86
844	44	189
845	280	410
846	602	88
847	451	62
848	254	734
849	449	764
850	296	711
851	405	713
852	571	415
853	388	751
854	221	787
855	503	5
856	189	575
857	289	618
858	644	901
859	337	182
860	322	749
861	331	551
862	254	715
863	524	31
864	704	248
865	479	301
866	470	105
867	489	965
868	859	675
869	500	254
870	407	189
871	688	435
872	10	106
873	491	216
874	610	925
875	553	787
876	13	738
877	836	940
878	367	779
879	789	284
880	676	512
881	471	437
882	460	860
883	292	8
884	993	341
885	100	690
886	740	20
887	148	134
888	83	82
889	457	57
890	454	438
891	817	218
892	216	215
893	563	898
894	782	677
895	576	681
896	406	225
897	806	64
898	587	593
899	477	665
900	237	72
901	641	75
902	835	665
903	350	876
904	622	571
905	519	115
906	287	45
907	33	367
908	566	109
909	312	97
910	508	612
911	345	851
912	349	107
913	508	949
914	913	410
915	836	538
916	773	939
917	659	705
918	260	53
919	974	834
920	622	687
921	84	41
922	485	928
923	582	316
924	986	830
925	497	258
926	929	806
927	901	128
928	928	151
929	525	116
930	760	339
931	258	504
932	271	839
933	211	113
934	196	108
935	143	385
936	4	160
937	844	204
938	745	909
939	408	470
940	717	397
941	62	377
942	956	576
943	57	321
944	457	883
945	68	6
946	850	558
947	693	672
948	421	318
949	590	146
950	687	557
951	658	936
952	556	43
953	567	679
954	171	764
955	78	367
956	897	800
957	343	284
958	925	487
959	207	569
960	861	276
961	575	5
962	85	193
963	271	222
964	52	143
965	940	926
966	883	561
967	451	601
968	270	831
969	563	605
970	658	872
971	116	190
972	166	401
973	738	111
974	378	112
975	484	667
976	979	517
977	635	783
978	883	302
979	99	791
980	408	467
981	734	141
982	338	864
983	278	782
984	722	549
985	680	726
986	283	253
987	467	727
988	445	299
989	191	423
990	986	602
991	0	544
992	142	202
993	657	96
994	398	625
995	767	498
996	157	959
997	354	139
998	360	976
999	659	239
1000	41	981
1001	752	966