NAME : None_seed_None_id_0
TYPE : CTSP
DIMENSION : 801
NUM_SALESMEN : 6
K_NEIGHBOR : 1
EDGE_WEIGHT_TYPE : EUC_2D
NODE_COORD_SECTION
1	500	500
2	378	169
3	968	282
4	618	170
5	377	738
6	503	446
7	906	566
8	408	93
9	935	109
10	49	280
11	152	583
12	197	721
13	815	212
14	538	277
15	646	966
16	859	407
17	975	130
18	195	27
19	539	45
20	213	485
21	991	994
22	985	569
23	907	862
24	488	555
25	573	980
26	35	264
27	852	338
28	328	907
29	761	53
30	220	119
31	6	599
32	601	622
33	977	645
34	726	92
35	659	666
36	107	609
37	885	494
38	466	404
39	71	64
40	801	630
41	366	491
42	691	373
43	60	234
44	433	465
45	885	611
46	621	288
47	233	755
48	707	75
49	32	98
50	316	597
51	573	52
52	839	944
53	846	726
54	382	677
55	580	803
56	289	280
57	181	244
58	877	275
59	499	282
60	688	211
61	1	620
62	819	293
63	703	195
64	648	821
65	605	834
66	23	279
67	151	528
68	93	10
69	841	612
70	965	3
71	637	204
72	239	22
73	196	965
74	141	464
75	707	93
76	281	56
77	650	161
78	709	556
79	848	590
80	948	82
81	971	538
82	247	833
83	660	423
84	498	574
85	512	973
86	804	727
87	109	993
88	650	192
89	459	450
90	205	591
91	802	952
92	214	691
93	801	189
94	609	343
95	425	812
96	654	505
97	701	403
98	32	989
99	837	138
100	930	576
101	249	178
102	493	889
103	109	1
104	753	396
105	230	620
106	911	845
107	448	405
108	71	247
109	466	699
110	868	944
111	463	442
112	10	732
113	798	984
114	557	862
115	712	526
116	112	418
117	349	962
118	3	981
119	803	64
120	295	129
121	516	474
122	480	679
123	394	541
124	121	858
125	116	281
126	45	483
127	989	435
128	604	764
129	459	494
130	32	410
131	827	602
132	735	674
133	287	725
134	299	623
135	915	395
136	745	896
137	73	807
138	992	600
139	555	544
140	293	207
141	784	554
142	775	401
143	550	233
144	821	992
145	619	127
146	866	887
147	342	517
148	358	914
149	754	894
150	227	880
151	741	818
152	395	521
153	482	67
154	980	688
155	944	610
156	624	247
157	949	106
158	47	52
159	551	378
160	309	844
161	342	289
162	388	116
163	721	55
164	561	71
165	639	574
166	611	973
167	346	650
168	614	843
169	10	499
170	237	499
171	686	876
172	489	567
173	122	13
174	778	329
175	261	447
176	490	666
177	150	346
178	683	892
179	171	1
180	988	572
181	330	314
182	906	626
183	480	841
184	226	236
185	395	430
186	760	371
187	235	38
188	240	609
189	677	370
190	403	744
191	443	473
192	280	987
193	585	529
194	134	506
195	485	289
196	152	984
197	277	745
198	527	168
199	90	821
200	155	527
201	323	424
202	521	339
203	333	560
204	708	772
205	756	325
206	896	677
207	128	673
208	0	764
209	168	431
210	108	146
211	482	806
212	696	466
213	169	968
214	591	760
215	558	867
216	367	763
217	911	172
218	552	181
219	987	704
220	585	24
221	625	36
222	944	709
223	98	238
224	366	299
225	98	714
226	362	818
227	313	420
228	652	259
229	625	925
230	636	242
231	179	870
232	188	143
233	598	872
234	413	591
235	887	746
236	692	927
237	277	240
238	206	953
239	843	93
240	523	212
241	33	178
242	905	446
243	820	801
244	409	298
245	895	619
246	966	825
247	579	934
248	182	941
249	526	167
250	231	241
251	640	639
252	325	284
253	80	654
254	376	489
255	812	960
256	565	611
257	141	584
258	378	688
259	574	71
260	716	545
261	842	166
262	964	824
263	486	972
264	574	5
265	121	429
266	108	808
267	841	562
268	461	706
269	59	228
270	855	211
271	973	622
272	571	355
273	806	94
274	954	659
275	766	83
276	999	637
277	138	130
278	99	571
279	363	221
280	479	590
281	21	208
282	305	409
283	33	336
284	578	124
285	791	246
286	978	685
287	415	495
288	961	386
289	675	906
290	565	211
291	476	285
292	661	810
293	750	821
294	718	962
295	781	238
296	417	385
297	849	631
298	874	321
299	331	405
300	373	196
301	871	227
302	659	402
303	507	744
304	187	170
305	318	157
306	597	41
307	635	404
308	425	959
309	556	485
310	93	823
311	724	329
312	497	62
313	879	741
314	756	34
315	251	335
316	637	229
317	33	662
318	946	254
319	173	421
320	61	593
321	939	496
322	701	432
323	929	48
324	878	844
325	654	242
326	288	589
327	576	333
328	691	109
329	751	935
330	585	759
331	157	832
332	722	429
333	868	485
334	216	651
335	120	50
336	399	278
337	600	757
338	921	438
339	326	590
340	850	792
341	653	708
342	832	776
343	745	283
344	196	816
345	382	684
346	441	894
347	859	843
348	44	246
349	800	274
350	651	118
351	217	872
352	213	759
353	302	956
354	409	117
355	420	409
356	926	616
357	964	815
358	988	401
359	502	467
360	925	144
361	387	109
362	96	740
363	534	741
364	345	211
365	414	290
366	10	664
367	592	545
368	262	703
369	303	772
370	721	355
371	496	227
372	869	73
373	171	148
374	179	812
375	927	290
376	967	898
377	293	589
378	729	63
379	993	633
380	266	98
381	670	306
382	150	95
383	405	651
384	708	935
385	599	977
386	305	776
387	426	767
388	753	188
389	32	536
390	330	704
391	701	209
392	395	695
393	371	351
394	308	374
395	578	796
396	291	770
397	54	517
398	828	39
399	813	639
400	307	846
401	691	467
402	122	296
403	396	564
404	543	70
405	418	472
406	919	836
407	521	705
408	176	445
409	665	47
410	759	345
411	147	20
412	987	6
413	518	962
414	445	759
415	288	632
416	126	708
417	136	775
418	792	569
419	594	494
420	578	907
421	204	417
422	456	11
423	324	72
424	641	591
425	91	398
426	498	521
427	260	286
428	777	76
429	128	252
430	195	628
431	658	756
432	914	85
433	953	735
434	211	416
435	633	904
436	533	793
437	344	467
438	73	607
439	395	300
440	767	380
441	785	834
442	424	845
443	455	462
444	124	940
445	231	244
446	757	857
447	256	919
448	332	882
449	914	345
450	313	418
451	373	404
452	399	201
453	297	174
454	247	12
455	686	564
456	289	190
457	255	246
458	837	468
459	296	730
460	366	865
461	588	263
462	363	50
463	975	468
464	743	912
465	134	246
466	1000 816
467	297	926
468	406	186
469	635	781
470	456	510
471	702	962
472	969	722
473	377	271
474	137	649
475	332	760
476	251	101
477	278	951
478	921	557
479	688	747
480	70	408
481	294	677
482	721	872
483	15	633
484	542	1
485	224	996
486	613	581
487	829	570
488	21	957
489	25	295
490	347	841
491	961	420
492	604	104
493	983	469
494	276	70
495	831	378
496	545	200
497	513	642
498	999	277
499	67	929
500	515	12
501	554	590
502	348	235
503	801	297
504	734	632
505	215	82
506	496	252
507	486	319
508	429	443
509	698	297
510	361	784
511	15	135
512	170	636
513	913	873
514	214	437
515	694	679
516	632	60
517	571	663
518	425	23
519	979	516
520	821	363
521	5	228
522	553	514
523	993	887
524	410	453
525	918	271
526	733	948
527	3	603
528	834	197
529	473	401
530	211	346
531	310	679
532	677	301
533	280	735
534	859	338
535	201	949
536	584	749
537	212	400
538	481	66
539	541	310
540	835	601
541	267	745
542	350	994
543	21	840
544	896	665
545	165	469
546	985	708
547	329	835
548	658	575
549	690	124
550	895	624
551	54	956
552	262	681
553	519	243
554	416	751
555	423	787
556	831	633
557	839	900
558	533	252
559	59	825
560	890	43
561	593	345
562	291	992
563	677	211
564	797	743
565	278	438
566	576	780
567	7	337
568	613	426
569	126	932
570	495	146
571	615	476
572	362	842
573	702	417
574	333	671
575	430	356
576	653	798
577	717	279
578	211	601
579	713	625
580	692	551
581	251	131
582	286	581
583	33	693
584	3	112
585	46	353
586	634	810
587	980	22
588	28	938
589	322	585
590	90	644
591	759	328
592	763	363
593	430	840
594	593	75
595	967	192
596	61	292
597	807	105
598	774	64
599	997	470
600	537	2
601	529	415
602	101	255
603	640	568
604	519	717
605	800	581
606	561	103
607	701	637
608	948	440
609	769	487
610	407	241
611	275	721
612	779	91
613	520	600
614	215	606
615	519	631
616	524	575
617	725	652
618	330	774
619	578	864
620	407	293
621	548	466
622	347	42
623	111	861
624	931	672
625	362	288
626	435	794
627	452	87
628	734	219
629	760	546
630	88	203
631	379	35
632	917	453
633	75	331
634	608	844
635	547	890
636	508	353
637	766	941
638	156	31
639	493	360
640	96	415
641	3	235
642	816	205
643	205	344
644	566	951
645	519	428
646	802	970
647	852	311
648	549	941
649	475	4
650	635	894
651	618	191
652	473	664
653	616	56
654	701	733
655	115	276
656	209	783
657	887	665
658	422	610
659	501	478
660	697	206
661	523	498
662	78	928
663	762	152
664	173	564
665	108	107
666	779	57
667	386	646
668	359	940
669	121	40
670	146	842
671	82	789
672	237	292
673	282	166
674	216	150
675	84	983
676	845	813
677	306	287
678	224	629
679	691	448
680	755	587
681	197	526
682	163	898
683	806	913
684	272	438
685	200	538
686	818	566
687	857	632
688	633	796
689	3	444
690	668	436
691	646	473
692	27	223
693	742	85
694	551	490
695	632	354
696	479	349
697	423	821
698	769	422
699	708	573
700	720	504
701	218	723
702	688	170
703	587	809
704	529	574
705	627	303
706	383	926
707	235	605
708	560	686
709	59	114
710	681	829
711	702	904
712	285	550
713	254	776
714	189	784
715	413	612
716	125	726
717	54	587
718	277	842
719	690	444
720	987	464
721	724	330
722	161	330
723	60	404
724	645	915
725	125	415
726	364	226
727	453	264
728	608	657
729	358	838
730	868	105
731	904	400
732	373	422
733	433	19
734	956	231
735	85	910
736	869	702
737	246	500
738	261	232
739	551	815
740	479	14
741	805	247
742	944	623
743	163	127
744	111	759
745	787	227
746	860	704
747	273	156
748	640	495
749	242	251
750	476	677
751	700	497
752	93	801
753	774	109
754	677	253
755	216	642
756	710	38
757	204	104
758	415	471
759	891	0
760	614	795
761	369	287
762	919	244
763	816	157
764	547	63
765	835	343
766	942	397
767	878	955
768	11	933
769	146	969
770	500	984
771	293	720
772	630	105
773	434	395
774	62	195
775	522	391
776	854	573
777	197	771
778	275	139
779	38	714
780	525	246
781	68	591
782	617	122
783	440	607
784	906	914
785	336	289
786	137	849
787	276	77
788	638	719
789	332	819
790	830	683
791	814	343
792	870	665
793	958	295
794	36	528
795	190	781
796	738	364
797	155	769
798	310	573
799	434	181
800	636	921
801	987	28
COLOR_SECTION
1	0
2	6
3	5
4	2
5	3
6	1
7	7
8	4
9	6
10	6
11	6
12	3
13	5
14	6
15	4
16	4
17	3
18	5
19	3
20	7
21	1
22	1
23	4
24	4
25	6
26	7
27	4
28	7
29	2
30	1
31	4
32	1
33	3
34	1
35	3
36	6
37	3
38	6
39	7
40	1
41	3
42	1
43	6
44	5
45	5
46	6
47	4
48	1
49	5
50	4
51	6
52	7
53	5
54	4
55	7
56	6
57	3
58	7
59	5
60	1
61	3
62	4
63	3
64	6
65	1
66	5
67	2
68	1
69	1
70	1
71	6
72	6
73	4
74	4
75	6
76	5
77	7
78	1
79	3
80	1
81	7
82	3
83	1
84	5
85	1
86	6
87	5
88	1
89	3
90	2
91	7
92	6
93	4
94	5
95	3
96	5
97	4
98	5
99	2
100	3
101	5
102	2
103	3
104	7
105	3
106	7
107	2
108	5
109	3
110	3
111	1
112	2
113	7
114	1
115	3
116	4
117	5
118	1
119	2
120	2
121	4
122	1
123	6
124	1
125	4
126	1
127	3
128	6
129	1
130	2
131	5
132	7
133	5
134	4
135	6
136	3
137	6
138	1
139	5
140	3
141	2
142	6
143	3
144	7
145	7
146	3
147	6
148	2
149	2
150	2
151	2
152	6
153	1
154	6
155	3
156	7
157	5
158	5
159	5
160	1
161	2
162	7
163	1
164	7
165	3
166	4
167	4
168	1
169	3
170	6
171	3
172	7
173	3
174	3
175	1
176	3
177	1
178	7
179	4
180	6
181	2
182	6
183	3
184	6
185	4
186	7
187	6
188	5
189	7
190	3
191	4
192	3
193	6
194	7
195	6
196	3
197	2
198	4
199	5
200	4
201	3
202	5
203	6
204	4
205	3
206	5
207	2
208	6
209	1
210	7
211	4
212	5
213	1
214	2
215	5
216	3
217	2
218	6
219	5
220	4
221	1
222	1
223	1
224	2
225	2
226	4
227	4
228	7
229	6
230	3
231	4
232	4
233	1
234	2
235	6
236	6
237	3
238	3
239	1
240	7
241	2
242	6
243	6
244	5
245	4
246	5
247	5
248	7
249	6
250	4
251	7
252	4
253	7
254	5
255	5
256	3
257	2
258	6
259	4
260	5
261	2
262	4
263	4
264	7
265	7
266	6
267	6
268	4
269	7
270	6
271	6
272	3
273	5
274	6
275	5
276	1
277	7
278	6
279	6
280	3
281	1
282	1
283	5
284	3
285	2
286	1
287	6
288	5
289	7
290	5
291	3
292	2
293	3
294	1
295	7
296	3
297	5
298	2
299	6
300	5
301	2
302	5
303	7
304	1
305	4
306	5
307	2
308	5
309	5
310	7
311	3
312	1
313	4
314	4
315	4
316	6
317	7
318	1
319	1
320	7
321	1
322	7
323	2
324	6
325	4
326	2
327	7
328	7
329	5
330	3
331	4
332	7
333	1
334	3
335	2
336	4
337	5
338	6
339	4
340	2
341	3
342	7
343	4
344	2
345	2
346	7
347	4
348	1
349	4
350	2
351	4
352	1
353	5
354	7
355	6
356	4
357	6
358	6
359	5
360	7
361	4
362	4
363	5
364	2
365	6
366	6
367	3
368	6
369	7
370	4
371	1
372	1
373	7
374	6
375	1
376	7
377	3
378	3
379	1
380	5
381	7
382	5
383	1
384	5
385	2
386	4
387	4
388	5
389	6
390	4
391	4
392	7
393	5
394	7
395	2
396	4
397	4
398	3
399	6
400	6
401	6
402	2
403	5
404	6
405	4
406	6
407	4
408	6
409	5
410	7
411	7
412	3
413	4
414	1
415	4
416	3
417	3
418	5
419	5
420	4
421	7
422	5
423	6
424	2
425	3
426	5
427	4
428	1
429	5
430	6
431	4
432	4
433	2
434	4
435	6
436	2
437	2
438	3
439	3
440	2
441	7
442	5
443	3
444	6
445	6
446	4
447	3
448	6
449	5
450	6
451	3
452	6
453	1
454	5
455	5
456	2
457	5
458	2
459	7
460	1
461	6
462	6
463	6
464	1
465	7
466	1
467	2
468	3
469	1
470	3
471	4
472	6
473	6
474	7
475	4
476	4
477	3
478	3
479	7
480	5
481	3
482	5
483	5
484	6
485	1
486	5
487	5
488	4
489	6
490	3
491	6
492	4
493	3
494	4
495	1
496	5
497	6
498	4
499	2
500	2
501	2
502	2
503	6
504	6
505	2
506	6
507	4
508	3
509	3
510	5
511	1
512	1
513	3
514	4
515	3
516	2
517	2
518	3
519	2
520	1
521	4
522	6
523	7
524	4
525	4
526	6
527	5
528	2
529	5
530	5
531	2
532	3
533	3
534	7
535	1
536	4
537	4
538	6
539	7
540	6
541	6
542	2
543	5
544	3
545	1
546	1
547	6
548	2
549	5
550	6
551	4
552	7
553	4
554	3
555	1
556	7
557	5
558	7
559	2
560	2
561	7
562	1
563	6
564	3
565	7
566	4
567	1
568	3
569	5
570	5
571	1
572	7
573	7
574	3
575	6
576	1
577	7
578	5
579	3
580	2
581	5
582	5
583	6
584	6
585	3
586	4
587	2
588	7
589	1
590	6
591	5
592	3
593	7
594	6
595	1
596	7
597	1
598	5
599	4
600	4
601	6
602	2
603	6
604	1
605	4
606	5
607	4
608	6
609	2
610	3
611	5
612	2
613	1
614	6
615	7
616	6
617	1
618	2
619	3
620	6
621	3
622	4
623	4
624	1
625	3
626	2
627	7
628	3
629	2
630	1
631	1
632	3
633	3
634	3
635	7
636	1
637	1
638	2
639	5
640	1
641	5
642	3
643	3
644	7
645	5
646	4
647	1
648	6
649	5
650	5
651	2
652	6
653	3
654	2
655	4
656	3
657	6
658	5
659	1
660	3
661	1
662	7
663	7
664	6
665	2
666	1
667	1
668	4
669	5
670	3
671	1
672	5
673	4
674	7
675	1
676	4
677	7
678	6
679	3
680	6
681	3
682	6
683	5
684	5
685	6
686	6
687	3
688	4
689	5
690	3
691	7
692	5
693	4
694	7
695	6
696	6
697	5
698	7
699	2
700	5
701	1
702	6
703	5
704	5
705	4
706	6
707	2
708	2
709	1
710	1
711	2
712	4
713	6
714	2
715	5
716	7
717	1
718	5
719	3
720	6
721	5
722	3
723	6
724	3
725	7
726	3
727	4
728	5
729	1
730	7
731	2
732	3
733	6
734	4
735	2
736	7
737	4
738	2
739	5
740	2
741	5
742	4
743	7
744	2
745	4
746	7
747	6
748	3
749	3
750	2
751	4
752	7
753	6
754	5
755	3
756	2
757	2
758	5
759	1
760	1
761	4
762	6
763	6
764	3
765	1
766	3
767	1
768	1
769	1
770	6
771	6
772	4
773	3
774	4
775	1
776	4
777	2
778	6
779	1
780	4
781	2
782	3
783	5
784	1
785	6
786	5
787	3
788	1
789	2
790	1
791	7
792	4
793	2
794	6
795	7
796	5
797	1
798	1
799	3
800	1
801	2
EOF
